0,-3,0,3,2,-4,-7,-3,-9,6,6,15,14,14,10,11,13,11,13,9,8,6,5,-4,-10,-15,-17,-21,-28,-29,-26,-27,-29,-34,-29,-31,-32,-30,-23,-19,-14,-10,-5,0,5,9,12,19,23,25,27,33,36,28,27,25,19,19,16,14,13,2,-7,-17,-19,-26,-34,-36,-41,-44,-43,-46,-44,-47,-45,-44,-40,-31,-23,-16,-11,-8,-5,-4,6,12,21,27,30,33,33,38,35,37,34,29,25,25,20,12,7,1,-3,-10,-21,-26,-30,-33,-39,-45,-40,-41,-42,-40,-39,-37,-32,-27,-21,-17,-10,-9,-5,3,4,10,21,25,31,34,32,31,26,30,23,22,21,17,9,5,1,-3,-7,-10,-16,-20,-20,-24,-23,-24,-32,-31,-27,-31,-34,-24,-22,-16,-11,-8,-7,-4,3,9,9,12,11,16,16,18,14,15,10,2,1,0,0,2,1,-4,-7,-9,-14,-19,-19,-15,-20,-18,-23,-17,-16,-14,-17,-14,-10,-5,-5,-7,0,8,7,8,12,11,10,8,9,7,10,6,1,-3,-6,-11,-12,-11,-14,-19,-25,-28,-27,-26,-30,-25,-22,-19,-17,-11,-8,-10,-7,-2,-1,7,10,11,15,21,24,23,24,25,22,21,19,20,14,9,6,-1,-7,-10,-19,-20,-23,-24,-27,-26,-31,-31,-31,-32,-27,-27,-24,-18,-16,-16,-12,-12,-12,-2,9,10,11,15,15,23,22,24,23,20,18,18,16,11,4,-1,2,-2,-2,-9,-15,-22,-27,-31,-37,-37,-33,-33,-34,-33,-27,-24,-19,-16,-13,-11,-10,3,7,3,4,0,3,7,5,9,17,14,13,18,19,18,16,13,9,5,2,-4,-4,-1,-7,-14,-17,-21,-27,-21,-17,-19,-20,-18,-20,-18,-14,-13,-11,-5,-2,2,7,9,6,3,9,11,7,7,1,-8,-3,-2,-3,-4,-3,-9,-10,-9,-12,-9,-9,-12,-14,-15,-13,-16,-17,-15,-12,-10,-9,-8,-9,-5,-5,-7,1,5,6,2,6,9,7,5,3,4,8,5,3,-1,-1,-6,-13,-12,-15,-15,-16,-15,-10,-10,-8,-11,-16,-15,-16,-10,-1,-1,2,8,11,7,6,6,14,15,15,15,15,13,9,9,11,9,3,3,-2,-5,-8,-7,-10,-14,-17,-23,-29,-29,-29,-25,-25,-27,-29,-31,-21,-18,-16,-11,-3,-2,2,6,3,5,7,6,11,13,18,18,19,17,14,13,6,2,8,8,4,-2,-1,-5,-9,-11,-19,-21,-18,-20,-19,-15,-17,-19,-18,-14,-17,-20,-17,-12,-5,-5,1,5,5,3,9,11,14,14,15,17,18,14,10,6,6,6,4,0,0,-1,-5,-8,-8,-12,-17,-17,-14,-15,-18,-21,-21,-21,-20,-23,-22,-10,-11,-12,-6,-2,1,8,2,1,-2,-5,-2,-2,3,5,5,4,11,7,7,5,0,-1,-2,0,-6,-6,-12,-16,-16,-13,-13,-11,-6,-1,-3,-2,-5,-7,-3,-1,4,9,13,9,4,1,3,-2,3,7,7,5,1,-6,-6,1,-3,-6,-8,-10,-10,-8,-9,-12,-14,-10,-11,-11,-9,-10,-7,-5,1,0,0,-1,-6,-5,-2,6,12,13,10,1,3,5,7,8,7,4,8,4,-5,-7,-3,-8,-11,-11,-8,-10,-15,-15,-18,-23,-19,-19,-19,-15,-18,-12,-4,-2,2,5,5,-1,2,3,8,9,10,8,1,6,6,8,14,14,8,1,6,5,-7,-6,-10,-10,-13,-17,-19,-19,-18,-21,-22,-21,-19,-19,-18,-13,-7,-6,-2,-2,-4,-5,-6,-2,5,9,12,15,19,11,8,7,8,11,15,15,11,7,-2,-5,-4,-3,-8,-7,-12,-9,-12,-10,-8,-7,-9,-13,-15,-13,-12,-8,-7,-2,-2,-1,-6,-11,-10,-6,-4,3,6,5,3,3,5,4,3,4,-2,-7,-10,-9,-12,-8,-9,-10,-6,-5,-10,-10,-3,1,-6,-9,-9,-14,-16,-15,-8,6,10,2,0,4,0,-3,0,7,10,9,6,1,-2,0,-1,1,1,-1,2,4,0,-4,-10,-14,-12,-13,-10,-7,-10,-7,-2,-4,0,-4,-7,-2,1,3,6,7,5,3,8,3,1,3,1,2,4,3,-1,-2,-3,-5,-5,-5,-10,-15,-13,-17,-17,-11,-10,-12,-8,-6,-8,-13,-7,-3,-7,-5,-4,-6,-4,1,4,3,7,7,0,0,5,9,13,9,3,2,1,-3,-9,-7,-3,-5,-3,-5,-5,-3,-1,-4,-7,-8,-11,-11,-10,-13,-11,-9,-3,-4,-4,-4,-2,0,1,0,8,11,10,1,6,6,6,7,5,5,6,4,0,-3,0,-1,-5,-6,-7,-11,-7,-4,-9,-12,-14,-15,-12,-13,-11,-6,-6,-9,-9,-6,-11,-10,-4,1,1,1,4,4,-1,4,3,3,6,8,3,-2,-1,-2,-3,-2,2,-2,-2,-3,-5,-8,-8,-10,-10,-7,-8,-6,-1,-2,-4,-4,0,-2,-4,-1,0,-3,-1,-2,6,6,8,4,7,7,-2,-3,2,-1,-1,-5,-3,-2,1,1,-2,-4,-3,-7,-5,-1,-2,-7,-8,-10,-8,-5,-1,-1,-2,1,1,4,3,1,-4,0,0,2,-1,1,-3,-4,0,-3,-6,-8,-15,-10,-5,-3,-5,-5,-7,-11,-10,-5,-6,-4,-3,-6,-8,-6,-4,-3,-1,2,6,4,4,6,8,8,5,7,6,7,6,7,8,6,0,1,-3,-6,-7,-8,-7,-5,-8,-15,-15,-12,-12,-7,-4,-8,-7,-5,-5,-6,-7,-9,-15,-11,-9,-10,-7,-1,3,0,5,3,-4,-6,-4,-4,3,5,1,-3,1,-3,-9,-4,-1,-4,-3,-2,-4,-10,-13,-12,-15,-9,-13,-15,-11,-15,-15,-5,-4,-8,-8,-5,-4,-2,-2,-1,-8,-14,-12,-12,-12,-11,-14,-7,-2,-4,-15,-15,-17,-15,-8,-9,-6,-4,-6,-8,-9,-8,-9,-15,-14,-10,-7,-6,-5,-4,-11,-11,-10,-11,-7,-7,-2,1,4,0,-4,-5,-6,-9,-7,-7,-5,-9,-9,-14,-10,-5,-10,-12,-10,-14,-15,-17,-13,-15,-12,-13,-16,-12,-12,-12,-11,-11,-15,-15,-9,-8,-10,-6,-3,-1,8,3,1,-3,-12,-8,-5,0,4,4,1,-1,-4,-3,-4,-7,-6,-7,-9,-13,-12,-14,-20,-18,-22,-28,-25,-21,-21,-24,-24,-23,-22,-18,-23,-21,-15,-16,-19,-19,-10,-16,-17,-15,-15,-14,-7,-7,-3,2,0,-3,3,1,-6,-5,1,4,10,12,10,7,7,2,-3,-3,2,1,-2,-5,-15,-14,-13,-13,-14,-15,-16,-14,-14,-15,-22,-28,-31,-34,-38,-33,-33,-26,-29,-29,-34,-36,-36,-32,-25,-25,-20,-13,-5,1,3,6,11,11,10,8,10,8,11,6,12,10,9,5,4,7,3,0,-4,-1,-7,-15,-18,-23,-25,-32,-28,-33,-34,-26,-23,-19,-20,-34,-42,-51,-49,-44,-43,-39,-32,-31,-27,-24,-20,-17,-9,-4,-2,8,11,15,21,26,24,21,24,24,24,24,22,22,23,16,15,8,5,-2,-9,-10,-13,-17,-17,-21,-32,-43,-50,-53,-51,-52,-55,-50,-50,-50,-48,-44,-44,-47,-48,-44,-36,-32,-23,-18,-15,-12,-3,-6,1,11,18,23,22,31,28,29,33,33,35,38,37,35,32,25,17,17,12,5,-2,-11,-17,-21,-24,-30,-38,-39,-47,-57,-62,-61,-59,-57,-60,-66,-64,-63,-62,-59,-47,-45,-41,-31,-24,-23,-14,-6,-3,7,17,26,35,43,46,48,49,51,51,47,50,48,42,35,33,21,22,13,7,-1,-8,-15,-19,-24,-30,-42,-52,-63,-67,-65,-70,-72,-77,-81,-89,-84,-77,-73,-63,-54,-49,-39,-31,-20,-20,-14,2,7,14,21,29,40,46,51,56,65,67,58,57,60,59,55,50,45,38,28,17,6,-3,-11,-16,-25,-31,-49,-60,-69,-75,-79,-80,-90,-88,-87,-87,-86,-79,-76,-74,-66,-59,-52,-43,-33,-24,-16,-8,1,5,17,28,41,50,65,73,66,63,59,51,58,66,66,63,57,39,29,28,20,10,4,-7,-15,-25,-35,-48,-60,-65,-75,-81,-90,-92,-91,-87,-90,-92,-88,-83,-85,-78,-67,-52,-42,-35,-21,-15,-10,-5,7,23,36,44,51,62,68,68,71,79,82,75,62,60,55,52,41,30,25,15,2,-5,-13,-22,-32,-41,-50,-63,-70,-82,-89,-91,-93,-94,-95,-92,-94,-95,-91,-89,-76,-62,-52,-46,-36,-28,-27,-10,7,16,30,39,55,64,75,80,80,82,81,75,74,69,70,65,62,51,31,20,8,1,-5,-16,-26,-38,-48,-62,-72,-80,-84,-90,-99,-107,-104,-101,-102,-103,-93,-88,-85,-78,-65,-57,-44,-26,-13,-1,5,15,26,37,41,50,60,73,78,79,81,79,77,79,76,73,67,53,42,33,26,17,4,-7,-24,-33,-41,-51,-67,-76,-87,-92,-89,-96,-101,-105,-103,-104,-96,-91,-86,-80,-69,-58,-48,-35,-23,-16,-7,4,10,25,41,53,58,63,69,69,68,72,77,76,76,72,68,62,49,36,31,20,6,-4,-14,-23,-35,-44,-52,-63,-69,-79,-93,-94,-97,-97,-101,-98,-96,-100,-96,-87,-80,-71,-61,-47,-35,-25,-11,-2,13,18,27,43,51,56,64,74,82,86,89,83,76,72,68,67,63,58,41,33,18,2,-5,-15,-23,-33,-41,-63,-75,-84,-99,-103,-99,-96,-96,-99,-98,-98,-99,-88,-82,-76,-65,-54,-45,-34,-23,-15,-8,8,18,28,36,51,57,66,70,68,73,72,68,69,70,69,64,52,48,34,22,14,2,-8,-17,-27,-33,-43,-51,-66,-75,-86,-97,-98,-104,-97,-92,-89,-85,-81,-77,-73,-69,-57,-49,-38,-27,-11,-6,4,10,17,27,41,50,57,64,67,65,69,75,70,67,66,61,55,49,42,31,20,1,-6,-13,-22,-34,-45,-52,-64,-69,-78,-82,-89,-94,-98,-99,-95,-94,-91,-87,-77,-69,-61,-52,-42,-30,-17,-11,-11,2,11,17,30,47,55,61,64,63,65,63,65,62,64,61,52,49,43,39,29,19,7,-9,-14,-25,-38,-43,-47,-56,-68,-72,-83,-89,-86,-82,-84,-86,-87,-85,-83,-76,-68,-57,-43,-36,-25,-16,-3,4,12,19,23,30,38,46,58,62,64,59,61,57,53,53,50,43,43,33,30,21,11,-4,-19,-23,-29,-36,-45,-53,-61,-68,-67,-72,-81,-80,-86,-85,-83,-77,-78,-74,-64,-52,-47,-42,-35,-23,-13,-6,0,10,23,28,35,45,48,52,59,58,58,54,47,46,51,48,44,41,30,20,5,1,-7,-19,-25,-30,-33,-42,-52,-55,-62,-65,-71,-77,-81,-81,-79,-74,-71,-64,-59,-53,-49,-42,-35,-28,-20,-14,-3,3,7,18,25,35,41,42,44,45,37,34,41,43,38,42,39,35,31,23,13,4,0,-9,-20,-26,-34,-40,-45,-48,-57,-63,-68,-69,-65,-61,-70,-64,-56,-54,-58,-54,-50,-45,-38,-33,-25,-13,-7,-4,-1,12,20,18,27,35,33,37,36,41,39,40,37,35,35,30,26,22,21,11,0,-6,-12,-20,-21,-27,-34,-41,-45,-50,-58,-58,-57,-58,-58,-61,-62,-58,-56,-55,-49,-43,-36,-27,-22,-20,-14,-3,-3,-4,4,12,18,26,31,30,31,38,37,34,37,29,23,25,24,20,15,7,-1,-12,-15,-23,-32,-35,-38,-36,-39,-41,-44,-46,-47,-52,-54,-57,-57,-56,-50,-44,-41,-38,-34,-29,-27,-26,-20,-14,-5,3,7,13,17,16,18,23,26,32,35,34,35,34,28,25,21,19,14,9,7,-1,-8,-16,-19,-21,-22,-28,-35,-36,-39,-37,-41,-48,-55,-55,-53,-49,-42,-34,-31,-36,-30,-30,-27,-19,-12,-6,-1,3,6,8,12,15,16,22,23,23,20,20,21,17,17,12,2,3,5,2,-2,-5,-8,-13,-14,-22,-21,-22,-32,-38,-43,-39,-36,-34,-31,-39,-40,-41,-41,-40,-37,-38,-32,-27,-19,-14,-10,-2,-4,-1,3,4,9,12,13,10,15,21,19,17,13,19,20,28,31,24,14,6,1,-3,-7,-13,-17,-20,-17,-23,-33,-38,-40,-42,-41,-41,-36,-40,-39,-38,-37,-35,-33,-32,-32,-29,-22,-19,-13,-7,-5,-6,-2,-2,-5,1,11,14,16,18,19,19,13,11,13,14,12,9,12,8,-2,-5,-8,-12,-14,-18,-23,-20,-21,-24,-25,-28,-29,-34,-37,-37,-34,-34,-33,-29,-30,-27,-30,-30,-20,-16,-12,-7,-3,-2,-3,0,5,3,10,12,13,8,8,6,10,13,8,-1,-2,-4,-8,-10,-8,-13,-10,-12,-21,-22,-25,-30,-22,-17,-18,-24,-26,-26,-31,-34,-33,-34,-35,-32,-30,-30,-27,-22,-21,-12,-12,-16,-22,-18,-10,-8,-7,-5,-4,1,0,2,7,11,10,4,3,2,-1,0,-2,-3,-3,-6,-12,-13,-12,-16,-17,-15,-21,-23,-25,-27,-27,-27,-26,-31,-23,-24,-25,-25,-19,-16,-18,-17,-16,-20,-18,-17,-9,-2,2,0,-6,-7,-8,-6,0,0,5,8,5,-5,-9,-9,-12,-17,-13,-17,-15,-13,-14,-17,-15,-16,-18,-19,-17,-21,-24,-23,-25,-27,-27,-21,-24,-24,-24,-23,-27,-25,-21,-19,-14,-17,-18,-9,-6,-3,2,2,2,-6,-8,-4,-4,-1,-7,-7,-8,-5,-7,-8,-3,-2,-5,-7,-8,-10,-13,-19,-16,-16,-18,-24,-25,-23,-24,-22,-22,-20,-23,-21,-23,-23,-26,-25,-19,-17,-12,-14,-11,-9,-9,-9,-3,2,2,-2,2,-2,-5,-4,-4,-4,2,-10,-17,-18,-19,-19,-10,-9,-11,-14,-11,-12,-15,-18,-21,-20,-23,-22,-23,-26,-20,-23,-19,-21,-23,-25,-27,-20,-16,-12,-10,-9,-10,-13,-18,-16,-9,-7,-9,-11,-8,-6,-4,-4,-3,-2,-2,-6,-10,-5,-7,-7,-2,-6,-13,-15,-17,-17,-14,-16,-16,-10,-12,-20,-28,-26,-26,-25,-22,-16,-15,-15,-19,-23,-22,-17,-16,-13,-11,-17,-18,-13,-8,-6,-8,-4,-5,-12,-15,-16,-14,-7,-2,-7,-8,-8,-11,-9,-4,-11,-12,-11,-12,-19,-21,-22,-24,-22,-20,-20,-25,-26,-25,-23,-22,-26,-26,-23,-24,-23,-21,-16,-18,-16,-14,-12,-15,-9,-6,-2,-2,-4,-12,-10,-8,-7,-5,-4,-2,-3,-3,-2,-5,-8,-9,-10,-10,-13,-18,-16,-10,-12,-18,-16,-17,-21,-23,-25,-29,-27,-22,-18,-20,-22,-19,-22,-18,-12,-10,-10,-10,-19,-22,-24,-24,-17,-9,-2,0,-1,-5,-10,-12,-9,-12,-10,-8,-10,-8,-8,-8,-20,-23,-20,-24,-26,-22,-21,-18,-16,-17,-23,-24,-28,-32,-27,-22,-20,-25,-21,-20,-25,-24,-24,-19,-14,-16,-17,-20,-20,-16,-18,-11,-12,-11,-8,-10,-10,-13,-13,-13,-8,-5,-8,-11,-5,-6,-9,-11,-7,-8,-10,-17,-16,-12,-11,-14,-13,-15,-19,-25,-21,-26,-32,-30,-30,-27,-22,-22,-28,-28,-27,-32,-23,-19,-17,-13,-11,-10,-9,-12,-10,-12,-18,-17,-15,-11,-7,-7,-7,-10,-16,-18,-17,-13,-10,-10,-14,-17,-17,-15,-18,-23,-23,-18,-21,-23,-19,-20,-26,-24,-20,-23,-18,-22,-24,-23,-17,-15,-17,-15,-19,-24,-19,-15,-6,-7,-10,-13,-10,-10,-14,-14,-5,-4,-3,-3,-6,-14,-16,-13,-10,-8,-6,-6,-7,-12,-15,-22,-20,-21,-24,-27,-28,-30,-19,-16,-18,-25,-30,-36,-31,-26,-25,-18,-17,-15,-18,-22,-22,-27,-26,-20,-14,-17,-11,-10,-14,-13,-9,-13,-11,-6,-2,-5,-12,-11,-14,-7,-7,-13,-9,-7,-10,-10,-11,-7,-15,-16,-16,-17,-23,-22,-21,-19,-13,-15,-20,-17,-21,-28,-26,-24,-21,-20,-19,-26,-24,-24,-24,-21,-13,-12,-9,-14,-10,-15,-14,-9,-10,-10,-7,-8,-3,-5,-4,-5,-2,-4,-10,-12,-7,-5,-4,-9,-17,-21,-24,-27,-25,-20,-17,-17,-18,-21,-23,-27,-24,-20,-24,-25,-27,-26,-26,-22,-24,-18,-15,-19,-19,-10,-6,-7,-7,-5,-11,-9,-9,-11,-10,-8,-8,-7,-4,-4,-9,-9,-9,-8,-5,-5,-8,-7,-7,-9,-16,-16,-20,-24,-25,-23,-18,-20,-16,-17,-18,-20,-26,-26,-22,-21,-22,-21,-22,-20,-16,-13,-17,-17,-14,-11,-9,-8,-5,-8,-12,-9,-14,-16,-12,-8,-9,-13,-18,-20,-23,-15,-13,-14,-15,-14,-11,-5,-11,-15,-15,-17,-23,-24,-25,-22,-21,-20,-22,-23,-24,-24,-23,-20,-19,-22,-19,-13,-12,-11,-12,-10,-11,-5,-9,-12,-10,-6,-15,-14,-9,-11,-8,-6,-6,-1,-4,-5,-5,-6,-7,-14,-11,-13,-14,-20,-18,-20,-19,-21,-19,-18,-19,-22,-22,-17,-18,-20,-19,-20,-25,-29,-25,-20,-17,-16,-15,-20,-13,-11,-14,-17,-13,-8,-9,-6,-9,-10,-15,-10,-9,-1,1,-1,1,-5,-7,-13,-9,-14,-15,-13,-12,-17,-14,-14,-15,-19,-19,-27,-31,-24,-21,-20,-22,-18,-19,-22,-23,-25,-21,-19,-22,-22,-18,-11,-12,-10,-10,-13,-12,-9,-8,-9,-4,-5,-8,-7,-7,-9,-5,-4,-4,-5,-3,-9,-17,-11,-12,-14,-15,-20,-20,-20,-19,-19,-16,-11,-16,-19,-22,-28,-28,-29,-24,-17,-17,-16,-14,-13,-15,-14,-15,-16,-19,-23,-22,-22,-15,-17,-16,-11,-14,-22,-14,-10,-9,11,0,-5,-8,-13,-15,-17,-23,-17,-21,-22,-20,-15,-19,-24,-24,-29,-29,-22,-21,-18,-20,-21,-23,-27,-29,-24,-17,-16,-21,-22,-17,-13,-12,-14,-13,-11,-13,-15,-12,-11,-4,-7,-10,-11,-13,-19,-14,-11,-11,-13,-17,-15,-13,-14,-17,-15,-9,-9,-9,-10,-9,-14,-18,-16,-17,-19,-19,-23,-21,-23,-22,-23,-18,-18,-25,-25,-21,-21,-6,-8,-12,-19,-24,-23,-20,-15,-12,-12,-11,-8,-8,-11,-11,-8,-16,-16,-17,-16,-16,-16,-17,-21,-17,-17,-22,-20,-15,-17,-21,-22,-19,-17,-20,-23,-22,-20,-20,-20,-19,-19,-23,-21,-19,-17,-15,-17,-18,-14,-8,-13,-18,-16,-17,-21,-18,-14,-9,-5,-9,-10,-13,-13,-16,-14,-7,-6,-11,-15,-15,-15,-19,-15,-16,-17,-16,-14,-11,-12,-15,-22,-25,-25,-21,-22,-14,-12,-17,-21,-19,-25,-21,-15,-19,-21,-22,-20,-14,-11,-10,-16,-19,-18,-20,-18,-17,-11,-10,-10,-10,-12,-12,-12,-18,-17,-17,-16,-13,-11,-18,-20,-19,-21,-19,-15,-12,-9,-7,-10,-14,-18,-13,-17,-20,-17,-15,-13,-14,-13,-16,-21,-24,-23,-16,-9,-11,-12,-15,-16,-22,-14,-11,-9,-7,-8,-10,-14,-10,-13,-11,-14,-18,-19,-18,-17,-16,-14,-11,-13,-12,-7,-13,-16,-15,-21,-21,-14,-8,-16,-18,-16,-19,-17,-12,-8,-11,-11,-9,-13,-12,-12,-17,-15,-16,-16,-15,-14,-11,-9,-9,-12,-12,-7,-8,-9,-7,-7,-14,-16,-13,-15,-11,-11,-16,-15,-11,-11,-18,-20,-15,-16,-18,-14,-13,-10,-17,-16,-18,-14,-9,-13,-14,-15,-11,-9,-7,-4,-9,-11,-12,-17,-19,-17,-13,-3,0,-7,-4,-7,-11,-14,-15,-14,-11,-11,-16,-16,-12,-16,-17,-14,-12,-13,-14,-18,-20,-25,-27,-16,-12,-12,-8,-10,-13,-9,-10,-14,-9,-6,-16,-17,-15,-12,-5,-5,-8,-15,-13,-16,-14,-8,-1,-6,-12,-10,-10,-13,-13,-13,-12,-11,-12,-16,-14,-17,-20,-20,-13,-16,-16,-16,-16,-18,-12,-10,-17,-17,-21,-29,-28,-21,-14,-16,-9,-11,-16,-14,-12,-13,-7,-6,-6,-7,-7,-13,-17,-9,-8,-5,1,-1,-2,-2,-1,-3,-2,-6,-16,-18,-14,-17,-17,-19,-15,-15,-12,-14,-19,-23,-25,-31,-20,-14,-9,-13,-17,-20,-25,-16,-14,-13,-10,-15,-18,-21,-21,-18,-18,-16,-14,-12,-19,-14,-8,-7,-8,-9,-11,-4,-6,-10,-8,-9,-13,-18,-20,-17,-14,-15,-17,-9,-5,-11,-13,-14,-13,-14,-21,-15,-10,-15,-15,-22,-23,-23,-22,-19,-20,-17,-17,-18,-14,-4,-2,-3,-6,-10,-9,-6,-4,-1,-2,-5,-4,1,-6,-10,-8,-8,-4,-9,-12,-16,-19,-19,-14,-15,-16,-17,-17,-23,-18,-20,-15,-18,-16,-13,-10,-14,-19,-17,-15,-14,-12,-17,-20,-18,-16,-15,-8,-9,-14,-18,-16,-14,-16,-16,-15,-9,-7,-11,-15,-12,-10,-15,-12,-13,-11,-8,-11,-7,-7,-11,-8,-10,-15,-15,-17,-11,-6,-5,-12,-12,-15,-16,-21,-18,-16,-14,-13,-18,-21,-19,-17,-15,-12,-10,-12,-11,-10,-5,-9,-8,-10,-13,-11,-12,-8,-7,-9,-14,-13,-13,-14,-16,-9,1,-5,-10,-9,-12,-9,-8,-10,-10,-7,-8,-7,-7,-8,-13,-15,-18,-22,-17,-15,-20,-21,-22,-19,-19,-22,-20,-17,-12,-11,-11,-13,-9,-10,-13,-15,-13,-13,-13,-16,-13,-10,-7,-13,-12,-8,-16,-17,-13,-10,-4,0,-1,-5,-8,-8,-9,-11,-6,-4,-4,-3,-6,-8,-13,-8,-9,-10,-11,-14,-14,-14,-13,-14,-13,-15,-19,-15,-17,-21,-21,-21,-20,-17,-13,-14,-15,-14,-13,-8,-10,-6,-13,-20,-11,-11,-10,-1,-5,-2,-3,-6,-8,-6,-5,-7,-4,-10,-9,-7,-7,-9,-11,-5,-13,-18,-9,-8,-8,-13,-13,-17,-18,-18,-20,-18,-16,-21,-17,-10,-5,-12,-15,-13,-15,-19,-21,-19,-14,-14,-16,-19,-16,-12,-18,-15,-7,-4,-7,-5,1,-1,-1,-3,-4,-1,3,0,0,1,-3,-6,-7,-9,-14,-14,-10,-6,-7,-14,-14,-15,-13,-18,-17,-18,-17,-16,-17,-20,-28,-28,-20,-22,-19,-14,-12,-8,-9,-7,-10,-9,-11,-11,-8,-2,-3,2,3,0,-4,-7,-12,-15,-2,1,-1,-2,-4,-6,-10,-9,-10,-12,-15,-15,-12,-12,-11,-19,-19,-10,-15,-22,-17,-15,-17,-18,-17,-22,-23,-24,-21,-16,-13,-10,-10,-9,-8,-15,-11,-12,-13,-6,2,5,11,9,9,2,5,3,0,-1,1,4,5,10,7,0,-6,-6,-9,-5,-11,-12,-14,-15,-23,-22,-21,-23,-22,-18,-22,-20,-18,-18,-21,-20,-20,-25,-24,-18,-18,-18,-16,-13,-15,-17,-11,-5,-2,-4,-3,4,8,9,2,7,13,6,1,6,9,9,7,5,5,0,-2,-9,-8,-13,-14,-12,-12,-12,-17,-21,-23,-23,-22,-26,-22,-20,-20,-22,-16,-15,-15,-15,-16,-13,-9,-9,-6,-6,-2,-3,-5,2,3,7,9,8,9,8,7,10,10,13,7,3,2,-1,0,-1,-3,-5,-10,-9,-9,-10,-17,-23,-24,-18,-20,-22,-24,-28,-29,-27,-23,-18,-18,-22,-22,-16,-19,-25,-23,-20,-15,-4,7,16,35,18,9,9,6,6,3,7,8,10,12,14,12,7,3,5,6,3,-1,-2,3,-1,-2,-8,-8,-10,-15,-14,-13,-18,-20,-24,-30,-33,-30,-34,-31,-25,-21,-24,-24,-20,-15,-18,-14,-13,-8,-3,-1,-2,3,4,1,4,17,14,9,12,13,13,19,22,21,13,10,6,4,9,2,-3,-6,-6,-14,-17,-17,-22,-22,-24,-26,-30,-39,-40,-38,-37,-41,-36,-29,-27,-30,-27,-23,-17,-20,-13,-10,-7,-3,-2,6,14,18,17,14,16,16,22,22,22,20,14,15,14,14,15,11,7,4,1,-5,-6,-5,-13,-19,-20,-22,-21,-22,-27,-29,-27,-24,-29,-27,-28,-30,-32,-24,-17,-13,-15,-14,-16,-15,-12,-9,-3,1,3,4,5,11,3,7,9,7,12,16,18,17,20,17,18,16,9,0,-3,-6,-7,-6,-4,-12,-19,-23,-29,-27,-27,-32,-26,-25,-25,-30,-29,-28,-25,-26,-22,-15,-15,-20,-19,-15,-8,-3,-1,4,8,11,11,12,16,21,23,18,17,19,16,20,24,19,12,6,4,2,0,-1,-6,-3,-6,-8,-16,-20,-22,-31,-30,-21,-21,-17,-18,-29,-31,-27,-26,-26,-25,-28,-18,-17,-14,-11,-6,3,5,3,11,9,7,8,7,6,12,15,18,18,19,18,19,18,16,7,3,3,0,0,2,-5,-4,-7,-10,-22,-30,-23,-19,-19,-22,-29,-28,-26,-31,-27,-21,-17,-18,-21,-20,-14,-9,-6,-1,-1,3,2,-5,1,6,6,8,10,9,6,3,7,12,16,15,13,13,11,3,2,6,5,10,5,-4,-8,-11,-10,-11,-11,-16,-21,-26,-25,-25,-24,-18,-20,-23,-26,-25,-21,-17,-9,-8,-14,-12,-10,-12,-2,0,-1,8,13,19,20,16,15,12,10,6,6,10,9,6,6,3,-2,-3,-5,-7,-9,-7,-13,-18,-16,-15,-20,-25,-26,-26,-23,-23,-19,-15,-19,-21,-22,-18,-19,-19,-15,-12,-4,-4,-3,-3,2,4,3,3,7,5,3,7,16,13,11,14,14,14,8,7,10,7,7,0,3,3,-5,-8,-8,-4,-1,-4,-12,-18,-17,-14,-20,-16,-18,-17,-18,-15,-14,-20,-23,-23,-24,-13,-9,0,6,4,2,3,7,4,4,2,5,8,9,12,9,6,3,2,3,-1,1,4,4,-4,-10,-7,-5,-7,-6,-6,-7,-12,-12,-19,-17,-16,-19,-18,-13,-14,-18,-20,-16,-16,-16,-11,-6,-2,-2,-3,-5,1,1,-4,2,1,-2,0,2,5,5,8,8,4,4,2,2,1,6,7,6,4,5,1,1,-2,-7,-2,-10,-11,-10,-19,-24,-25,-27,-20,-15,-13,-14,-15,-11,-7,-8,-8,-7,-7,-10,-7,-4,5,7,5,2,-1,0,0,3,10,9,3,1,4,1,1,-2,2,5,5,2,0,1,1,-5,-4,-10,-11,-9,-13,-11,-12,-12,-13,-12,-12,-13,-12,-10,-9,-5,-7,-7,-8,-8,-5,-4,0,5,9,11,15,11,1,2,5,7,11,13,7,6,10,7,3,6,1,-4,-5,-5,-1,-2,1,-4,-9,-8,-13,-12,-6,-11,-14,-14,-16,-18,-13,-10,-9,-10,0,-2,-2,-2,-7,-12,-8,-5,-4,-2,1,0,-3,1,6,4,2,2,4,3,-3,0,4,6,8,6,3,-4,-6,-5,1,7,6,7,3,-2,-5,-11,-16,-11,-7,-7,-10,-6,-12,-14,-10,-9,-9,-8,-10,-9,-8,-4,-4,-3,0,1,2,5,2,1,-1,1,3,3,8,7,11,7,5,7,9,7,0,-1,-4,-4,-1,0,1,-2,-9,-15,-15,-9,-4,-9,-7,-9,-13,-13,-10,-12,-12,-9,-9,-9,-8,-1,-3,-3,-4,-6,-8,-6,-9,-8,-8,-9,-6,-5,0,1,4,2,0,0,3,9,12,10,5,-1,-3,-5,-4,4,-3,-8,-6,-5,-7,-11,-6,-6,-9,-11,-11,-7,-8,-8,-8,-7,-3,-5,-6,-2,-2,-3,2,7,6,6,6,-1,3,3,2,5,4,4,3,5,5,7,6,3,1,1,-2,-4,-3,-5,-7,-10,-7,-6,-13,-14,-14,-19,-19,-9,-12,-11,-7,-4,-5,-1,-1,-6,0,1,-9,-7,-5,-2,2,3,5,0,-6,-7,-5,2,3,4,4,5,4,0,5,9,2,3,-2,0,0,2,-2,-4,-1,-4,-8,-7,-10,-9,-5,1,-2,-6,-11,-10,-8,-6,-4,-6,-3,-3,-12,-11,-7,-4,0,-3,-1,0,3,0,0,4,2,0,3,4,6,8,12,10,9,2,0,5,2,-1,1,-4,-6,-3,1,5,1,-4,-4,-3,-2,-5,-6,-15,-19,-19,-18,-10,-4,-3,-3,-5,-5,-11,-10,-3,0,-1,-2,0,3,2,-1,-2,4,6,6,6,4,9,6,7,2,1,0,-3,0,5,8,11,9,3,-4,-6,-4,1,1,0,-3,-6,-7,-10,-12,-12,-11,-10,-10,-10,-7,-8,-3,2,-1,3,-1,-3,-4,0,3,7,8,6,5,7,6,2,5,3,7,5,-3,-3,-2,-2,7,4,1,-1,-1,-6,-8,-4,-2,-2,-6,-7,-6,-7,-4,-5,-7,-2,-1,-2,-10,-14,-9,3,2,-7,-5,8,12,29,19,13,4,-5,-7,-6,-8,-9,-8,-3,0,-1,-3,-4,1,2,2,11,14,11,8,8,1,-2,-2,-1,0,-5,-8,-1,-1,-4,-5,-5,-5,-10,-11,-7,-8,-6,0,1,-1,-3,-7,-6,-2,4,4,5,6,3,5,-1,-5,-6,3,7,9,13,7,4,6,9,8,3,4,3,-4,-6,-1,1,0,-2,-5,-5,-5,-9,-8,0,6,-3,-10,-17,-19,-12,-4,-1,2,5,-2,-13,-8,-6,-9,-8,-1,4,1,3,-1,-1,-1,1,5,8,9,5,8,12,11,13,16,13,5,4,0,7,4,5,1,-6,-5,-8,-7,0,3,4,4,1,-5,-4,-5,-7,-3,0,-3,-3,-5,-6,-6,-4,-6,-4,-5,-9,-2,2,7,12,12,15,11,3,4,3,2,10,12,9,9,7,6,6,4,4,3,-1,0,0,-5,-5,-4,4,4,-1,-1,2,-2,-5,-1,0,-2,-5,-4,-1,-3,-3,0,0,3,-1,-8,-4,-2,-5,-2,5,7,7,7,1,2,6,10,12,8,6,1,2,6,11,11,11,8,10,9,8,5,3,2,0,4,3,0,-1,0,4,2,1,-3,-3,-4,-7,-7,-6,0,-3,1,4,3,2,3,0,3,11,8,6,-1,2,1,4,8,4,4,4,3,-5,-2,5,3,3,1,-4,-1,2,3,1,0,0,-8,-5,-1,0,3,6,9,4,0,-3,-6,-5,-5,2,9,4,-1,-1,0,-1,4,8,9,7,6,6,6,5,5,3,3,7,6,9,12,10,7,8,3,-2,-2,5,4,2,3,2,-5,-8,-8,-10,-6,-2,2,2,-1,-4,-9,-4,-6,-3,3,5,0,0,-2,-5,-6,1,2,3,7,1,3,2,7,5,8,11,7,4,6,3,2,4,7,4,7,5,0,-3,3,3,8,12,10,0,-1,-2,-5,-2,3,2,0,-7,-11,-11,-7,-3,1,-1,0,8,8,4,1,0,1,-5,-3,-2,-3,1,1,5,6,3,4,3,-1,0,2,1,6,1,1,3,0,2,4,7,6,6,3,-1,-3,-1,1,2,5,0,-7,-7,0,1,-1,-2,-5,-3,3,3,0,1,0,2,1,0,-3,-2,1,-1,4,5,9,9,6,7,1,3,4,4,4,2,-4,-7,-6,-1,1,2,-1,-3,-3,2,6,6,8,7,5,5,3,3,-3,-1,-6,-8,-5,-1,1,11,8,9,3,0,-1,0,1,2,3,11,8,6,5,2,-2,-1,1,4,5,5,7,8,8,10,10,8,4,-1,2,0,2,0,-1,-3,-2,-1,-1,-4,3,-1,1,-1,-2,-5,-2,1,1,2,-1,-3,2,7,7,3,1,0,-1,-1,-1,1,5,8,6,3,3,7,4,0,2,2,0,3,-2,-3,-1,0,-1,5,2,0,2,6,6,5,6,8,4,4,2,2,2,2,2,2,2,2,2,8,10,3,1,1,3,6,5,1,1,4,6,7,5,5,2,1,3,3,5,7,6,5,5,5,4,1,0,-4,3,5,6,4,-1,-4,-7,-3,-4,-3,4,5,3,5,7,5,5,0,-4,-1,5,0,3,4,2,-3,-5,-4,-5,-5,-1,-5,-4,3,2,0,7,4,2,3,7,14,8,4,3,-1,1,2,0,6,7,8,3,4,5,2,0,0,1,0,3,4,6,8,3,-3,-3,-6,-2,4,4,1,2,3,2,6,5,6,7,5,1,-3,6,11,5,5,7,4,6,1,4,4,6,4,6,5,3,-1,-2,-2,3,8,12,8,5,0,-3,-3,-2,-2,2,4,6,5,8,3,2,-3,-1,2,7,9,10,6,2,1,-1,2,5,5,9,10,10,13,13,8,2,3,4,2,2,8,6,5,6,3,3,5,11,11,10,6,-2,2,2,-2,-5,-5,-7,-5,-3,0,1,2,8,5,5,7,7,6,5,3,6,4,11,9,6,5,7,9,10,11,6,3,1,0,4,8,9,7,10,7,1,1,4,6,9,4,1,-5,-4,-3,-4,-2,-3,-1,-2,-6,-4,-4,-7,-9,-8,-4,-5,-1,7,11,14,10,8,5,5,4,3,4,13,16,17,20,11,10,11,11,9,8,4,2,2,-1,4,2,2,4,8,7,3,6,6,6,-2,1,-2,-7,-4,1,2,-2,5,4,0,2,-1,-2,-1,4,8,7,8,10,8,8,8,6,13,13,11,8,11,10,10,11,8,3,6,4,4,6,8,3,-1,1,-5,-4,1,3,3,6,5,-3,-3,-3,-9,-11,-9,-3,0,0,0,-2,1,6,4,8,9,12,12,10,10,9,11,11,6,6,9,13,11,13,13,12,10,9,8,8,11,9,4,3,2,4,5,5,6,3,-3,-5,-4,-4,-6,-5,-5,-8,-4,1,2,1,7,7,10,8,7,4,3,4,6,10,13,14,12,13,13,12,13,13,10,7,6,5,6,6,2,2,7,7,4,5,-2,-9,-8,-7,-3,-7,-6,-3,-3,-10,-6,9,14,40,20,10,1,-9,-8,-5,-4,-6,-7,0,5,8,9,11,13,11,15,15,10,10,13,16,13,16,14,15,15,16,9,5,4,7,-1,3,6,1,3,1,-1,-2,-3,-7,-8,-6,-7,-10,-7,-6,-6,-7,-7,-5,-2,8,11,10,10,10,12,19,22,19,17,20,14,10,15,18,11,10,13,11,11,14,13,11,12,3,3,2,-1,-4,-8,-7,-7,-2,-4,-8,-7,-10,-4,-10,-12,-11,-15,-14,-10,-7,-1,1,2,2,3,6,10,15,19,19,11,14,16,14,17,24,22,24,29,28,24,26,17,8,8,7,11,11,3,-2,-3,0,-2,-4,-7,-11,-9,-11,-15,-12,-10,-12,-17,-15,-12,-10,-6,0,7,7,3,-2,-3,6,10,10,13,13,19,22,25,23,23,24,22,22,20,18,17,16,19,16,12,8,4,5,0,0,3,-3,-6,-7,-10,-12,-16,-17,-13,-13,-14,-13,-14,-17,-14,-7,-1,2,0,2,3,3,7,8,16,21,21,25,25,27,30,31,25,24,24,21,27,28,26,26,27,20,15,12,8,6,5,-3,-7,-11,-15,-20,-21,-18,-16,-20,-17,-15,-16,-15,-13,-15,-13,-8,-7,-4,0,0,5,13,17,22,20,19,20,18,22,27,29,27,26,22,29,27,26,26,28,20,12,7,2,1,1,-1,-3,-5,-9,-10,-17,-18,-18,-20,-21,-20,-21,-24,-22,-17,-13,-7,-7,-6,1,1,4,8,15,19,19,21,23,26,31,29,34,35,38,33,27,27,25,21,22,14,13,16,12,7,5,7,7,6,0,-6,-11,-17,-22,-23,-20,-22,-23,-23,-25,-22,-17,-8,-10,-8,-8,-5,-6,-1,1,3,8,10,13,17,24,25,28,30,33,35,28,24,22,27,28,21,22,25,18,17,16,14,9,5,-2,-10,-8,-9,-12,-13,-15,-22,-20,-20,-24,-27,-22,-24,-18,-12,-15,-14,-14,-11,-7,-3,4,13,13,18,23,25,29,26,29,33,35,33,30,32,33,36,35,33,21,20,20,15,14,10,8,0,-2,-6,-9,-11,-14,-16,-19,-21,-21,-21,-15,-15,-19,-21,-22,-23,-21,-18,-14,-8,1,5,8,12,11,13,14,16,19,22,29,26,28,32,29,26,31,28,27,24,20,19,15,17,16,10,6,2,2,-3,-7,-10,-9,-15,-20,-18,-18,-17,-18,-18,-20,-20,-16,-11,-14,-14,-11,-5,0,5,5,11,10,12,16,23,29,31,30,29,24,28,31,27,27,32,32,30,27,26,22,16,13,10,11,11,4,0,-3,-9,-17,-13,-13,-16,-6,-8,-13,-14,-17,-18,-18,-19,-21,-21,-15,-12,-5,-1,6,6,7,12,16,16,19,19,23,28,29,27,29,30,24,23,25,22,22,21,17,15,14,14,12,12,1,-3,-5,-5,-9,-12,-11,-11,-16,-16,-17,-17,-14,-13,-17,-16,-13,-10,-8,-1,-3,-1,3,7,9,16,19,21,20,25,24,25,28,31,28,32,31,27,27,21,19,18,24,23,12,10,7,2,1,0,2,0,-5,-11,-17,-20,-20,-22,-21,-21,-18,-16,-14,-10,-9,-10,-9,-5,-2,-2,5,5,6,8,8,9,16,19,24,23,25,31,32,31,34,29,22,21,21,24,24,21,15,11,9,7,1,3,2,-1,-3,-3,-8,-10,-7,-8,-10,-7,-11,-8,-7,-11,-15,-9,-3,-6,1,5,6,3,6,10,13,18,21,21,26,30,32,30,28,27,26,24,20,17,19,20,13,14,11,13,10,8,4,-4,-4,-9,-10,-14,-12,-13,-14,-17,-15,-13,-12,-13,-11,-6,-3,-2,-3,1,3,5,5,10,15,15,17,19,23,23,21,26,29,30,28,33,32,32,31,26,17,18,15,17,12,8,1,-7,-9,-10,-10,-13,-19,-18,-19,-23,-27,-24,-20,-22,-16,-9,-2,1,-2,2,6,8,11,14,22,30,31,33,35,40,37,38,40,35,35,32,30,29,32,32,27,24,17,8,4,-1,-4,-8,-15,-20,-23,-22,-26,-29,-30,-35,-33,-29,-22,-19,-19,-18,-24,-21,-10,-2,5,5,12,14,22,30,39,49,53,53,57,57,62,61,62,58,51,44,42,43,33,21,14,2,0,-6,-13,-17,-22,-33,-43,-45,-45,-50,-54,-60,-57,-54,-48,-46,-42,-37,-33,-23,-18,-12,3,20,29,44,51,59,63,74,87,93,99,107,105,105,104,99,92,82,72,61,45,33,19,11,1,-16,-32,-52,-71,-84,-101,-111,-116,-120,-120,-125,-121,-114,-113,-111,-94,-78,-59,-43,-24,-7,13,35,56,84,114,125,139,158,169,179,187,190,187,182,178,170,154,136,112,87,68,41,11,-14,-44,-69,-101,-129,-155,-181,-195,-203,-214,-221,-227,-229,-222,-210,-193,-169,-145,-118,-87,-52,-21,8,49,87,125,164,197,224,252,273,288,298,310,313,303,295,282,253,228,193,159,123,78,34,-13,-55,-98,-148,-191,-236,-272,-299,-367,-382,-376,-365,-356,-352,-335,-312,-286,-259,-218,-174,-128,-75,-23,31,93,151,206,243,280,311,318,396,451,490,513,518,510,495,466,428,382,329,267,198,125,44,-34,-106,-177,-248,-316,-383,-437,-487,-527,-558,-575,-585,-583,-572,-548,-514,-472,-421,-363,-298,-221,-139,-53,31,117,206,287,359,428,489,550,600,638,664,679,628,635,636,614,579,528,458,389,309,226,136,44,-50,-149,-245,-325,-369,-470,-559,-628,-674,-714,-737,-749,-753,-746,-719,-677,-616,-548,-471,-391,-298,-198,-99,8,119,223,329,424,513,594,666,687,744,802,836,852,846,834,803,757,691,616,535,438,332,227,110,-11,-129,-245,-338,-419,-542,-652,-738,-810,-864,-908,-935,-944,-939,-916,-876,-822,-748,-663,-574,-469,-354,-233,-104,31,162,291,416,539,647,702,799,899,977,1028,1063,1079,1071,1048,1009,946,866,778,671,557,428,285,145,-5,-153,-302,-394,-546,-695,-822,-929,-1023,-1097,-1153,-1196,-1217,-1211,-1175,-1124,-1061,-980,-873,-752,-620,-471,-314,-153,12,176,344,501,657,750,903,1042,1156,1246,1312,1352,1370,1365,1339,1286,1215,1121,999,865,722,561,389,206,17,-179,-355,-505,-704,-878,-1038,-1175,-1294,-1389,-1460,-1506,-1527,-1525,-1493,-1431,-1348,-1245,-1115,-961,-790,-607,-407,-199,15,222,430,632,781,976,1156,1313,1449,1561,1639,1688,1710,1704,1666,1600,1507,1390,1239,1067,874,674,458,225,-17,-252,-442,-672,-904,-1115,-1305,-1470,-1611,-1726,-1808,-1864,-1882,-1865,-1816,-1733,-1623,-1487,-1325,-1135,-931,-699,-458,-207,46,309,559,765,999,1239,1448,1622,1767,1882,1967,2020,2040,2028,1971,1879,1754,1600,1419,1213,989,739,472,196,-77,-341,-559,-841,-1105,-1349,-1565,-1754,-1907,-2026,-2112,-2163,-2173,-2139,-2072,-1974,-1836,-1674,-1474,-1253,-1001,-728,-444,-157,128,417,690,922,1206,1457,1678,1865,2021,2144,2235,2283,2294,2261,2182,2065,1913,1733,1526,1301,1046,760,464,155,-151,-423,-701,-1002,-1280,-1539,-1762,-1953,-2116,-2238,-2319,-2360,-2360,-2317,-2239,-2124,-1970,-1786,-1554,-1305,-1033,-747,-447,-141,171,481,755,1033,1327,1591,1818,2011,2178,2306,2385,2421,2418,2373,2291,2168,2011,1822,1595,1345,1074,781,474,153,-165,-443,-744,-1059,-1352,-1613,-1841,-2042,-2202,-2320,-2404,-2448,-2453,-2414,-2327,-2202,-2041,-1840,-1615,-1364,-1096,-800,-497,-178,148,472,751,1041,1336,1604,1844,2050,2210,2342,2431,2482,2484,2444,2366,2254,2096,1903,1676,1425,1150,850,545,223,-99,-395,-684,-1009,-1310,-1588,-1832,-2042,-2217,-2348,-2446,-2494,-2506,-2473,-2397,-2284,-2133,-1943,-1724,-1474,-1196,-900,-586,-261,66,391,691,957,1275,1562,1811,2034,2218,2362,2465,2522,2534,2511,2446,2343,2190,2003,1788,1540,1264,964,649,322,-12,-335,-610,-950,-1263,-1544,-1795,-2017,-2206,-2355,-2461,-2528,-2553,-2537,-2470,-2363,-2216,-2034,-1811,-1565,-1292,-995,-673,-345,-14,311,636,896,1226,1523,1786,2013,2208,2363,2474,2546,2573,2558,2498,2399,2255,2071,1849,1603,1331,1036,720,394,60,-275,-546,-888,-1213,-1508,-1775,-2005,-2197,-2352,-2464,-2543,-2575,-2559,-2503,-2401,-2262,-2089,-1870,-1623,-1342,-1049,-736,-404,-71,268,598,870,1193,1496,1762,1991,2188,2348,2462,2532,2566,2554,2248,1480,952,609,378,169,-43,-185,-273,-385,-433,-462,-494,-529,-566,-607,-648,-685,-720,-739,-750,-764,-762,-745,-719,-685,-641,-584,-530,-456,-372,-291,-202,-109,-16,77,167,257,343,424,490,549,604,648,692,765,751,731,696,662,621,572,517,444,371,287,199,107,17,-65,-157,-245,-345,-465,-507,-553,-593,-631,-660,-678,-679,-677,-657,-631,-591,-546,-488,-423,-354,-276,-194,-112,-21,71,162,250,331,398,468,531,582,625,655,674,703,725,688,651,610,556,496,431,360,285,200,113,26,-58,-147,-230,-307,-445,-487,-529,-567,-596,-619,-637,-647,-646,-637,-612,-572,-523,-471,-410,-341,-268,-189,-109,-20,58,141,223,301,371,428,484,533,577,612,636,640,632,621,598,566,524,464,406,338,269,200,123,37,-47,-125,-204,-273,-340,-406,-461,-510,-545,-571,-592,-604,-607,-596,-569,-531,-492,-446,-390,-332,-255,-179,-105,-37,44,125,207,282,341,398,450,498,542,572,579,586,589,579,566,534,492,448,395,335,272,200,129,54,-23,-103,-175,-247,-312,-374,-429,-474,-509,-535,-558,-565,-561,-549,-529,-502,-468,-425,-373,-325,-262,-194,-123,-50,26,104,174,245,311,373,426,475,505,533,548,555,557,547,527,501,466,429,376,323,265,199,131,57,-18,-89,-163,-227,-287,-348,-399,-439,-473,-502,-521,-527,-527,-518,-498,-475,-442,-401,-356,-301,-242,-179,-112,-44,31,93,163,230,291,345,393,430,465,494,517,524,523,509,495,467,436,394,351,298,237,175,111,40,-21,-87,-149,-212,-275,-328,-371,-406,-435,-460,-480,-487,-488,-476,-462,-439,-409,-376,-330,-278,-220,-162,-104,-37,21,89,154,210,272,323,365,401,436,459,477,483,476,468,454,433,402,364,319,266,212,159,105,47,-14,-77,-135,-190,-240,-296,-334,-373,-406,-429,-446,-454,-453,-443,-430,-405,-371,-337,-292,-241,-191,-141,-89,-34,24,82,133,186,239,285,328,365,396,418,434,442,443,435,415,394,365,330,290,245,203,150,97,45,-11,-67,-122,-176,-227,-268,-311,-342,-369,-391,-404,-411,-409,-401,-385,-363,-336,-305,-265,-221,-180,-129,-77,-27,24,78,134,183,230,267,304,334,362,381,389,397,397,388,376,357,332,303,264,223,180,133,83,32,-18,-69,-117,-163,-203,-242,-276,-311,-333,-347,-362,-367,-369,-360,-346,-328,-303,-271,-243,-206,-163,-117,-66,-22,29,80,131,169,209,251,282,307,330,350,359,365,363,352,335,319,299,269,236,201,161,119,73,28,-22,-71,-113,-156,-194,-226,-254,-280,-301,-318,-331,-338,-334,-324,-314,-296,-273,-248,-216,-180,-142,-99,-57,-14,27,67,109,153,186,223,257,280,300,316,324,326,325,321,310,298,279,247,214,181,142,104,66,25,-17,-58,-98,-136,-171,-200,-229,-255,-276,-288,-297,-301,-299,-293,-285,-270,-246,-222,-191,-163,-126,-90,-55,-15,26,65,105,144,173,199,226,249,267,281,288,291,291,286,279,263,239,219,192,163,139,102,60,20,-20,-56,-89,-126,-156,-185,-213,-234,-252,-266,-270,-269,-270,-263,-254,-240,-221,-198,-173,-142,-108,-76,-41,-4,32,66,95,131,161,186,210,232,245,256,265,268,269,266,257,241,219,198,172,147,113,82,49,17,-17,-52,-86,-114,-140,-168,-190,-209,-225,-232,-241,-247,-244,-236,-231,-217,-197,-173,-150,-124,-97,-67,-36,2,38,69,94,122,145,166,189,204,213,225,238,244,242,234,222,205,186,168,148,123,97,68,35,8,-21,-51,-77,-103,-129,-152,-168,-184,-197,-205,-213,-215,-213,-210,-200,-184,-168,-147,-128,-103,-79,-53,-28,-1,27,55,84,110,134,151,170,182,196,206,210,214,206,205,196,186,174,154,132,111,89,68,35,8,-21,-48,-71,-92,-115,-135,-150,-161,-174,-184,-188,-187,-190,-186,-176,-167,-151,-132,-117,-95,-74,-50,-20,13,34,55,80,96,113,133,150,163,175,180,184,186,188,183,177,167,149,130,113,96,75,53,35,6,-18,-38,-59,-81,-101,-121,-133,-148,-160,-163,-164,-165,-167,-164,-155,-145,-130,-116,-96,-76,-53,-37,-16,6,29,48,66,87,104,118,132,146,156,160,162,165,162,157,151,144,130,117,104,90,70,52,25,4,-15,-34,-52,-70,-95,-110,-122,-130,-139,-141,-145,-146,-147,-142,-135,-127,-116,-102,-85,-64,-46,-30,-11,7,24,43,61,72,88,101,118,127,135,136,136,139,145,138,133,125,111,101,85,69,55,38,22,6,-14,-26,-44,-66,-80,-93,-103,-113,-120,-125,-125,-127,-122,-120,-119,-107,-102,-91,-78,-64,-45,-33,-17,0,20,39,57,70,84,94,104,115,120,123,128,127,122,119,115,107,98,84,76,64,46,33,21,6,-6,-19,-37,-51,-65,-81,-91,-101,-108,-112,-114,-114,-111,-112,-109,-99,-85,-77,-68,-52,-39,-26,-12,7,23,34,43,58,73,84,95,104,110,116,116,115,112,107,103,97,89,77,64,46,38,29,15,2,-10,-28,-43,-51,-59,-65,-77,-83,-90,-90,-97,-97,-94,-90,-82,-78,-73,-60,-51,-43,-28,-17,-4,14,25,35,43,52,63,76,80,85,90,93,95,101,99,95,88,80,75,70,57,49,37,23,12,-2,-16,-27,-34,-44,-48,-54,-63,-68,-71,-80,-82,-81,-82,-80,-72,-69,-60,-55,-46,-38,-24,-14,-1,8,17,25,37,45,53,55,63,72,74,81,83,80,76,76,73,68,63,55,47,37,30,21,10,0,-10,-13,-22,-32,-36,-50,-59,-58,-66,-65,-67,-67,-67,-62,-59,-54,-47,-39,-35,-23,-15,-6,2,6,15,23,34,44,48,56,57,61,63,66,63,64,67,65,65,63,57,51,41,31,23,13,7,-2,-9,-13,-17,-21,-26,-37,-42,-48,-50,-55,-56,-56,-57,-57,-57,-51,-43,-35,-31,-25,-17,-9,0,9,17,29,32,31,36,45,52,57,59,61,61,62,59,59,54,48,44,39,35,31,26,17,9,4,-8,-17,-20,-22,-28,-35,-38,-37,-39,-44,-43,-44,-39,-37,-35,-30,-24,-19,-17,-9,-8,-3,3,10,10,17,24,28,33,37,44,50,50,50,55,56,54,51,43,42,36,30,23,24,20,8,3,-2,-6,-11,-12,-13,-23,-29,-33,-36,-43,-43,-40,-39,-34,-31,-28,-20,-20,-19,-14,-10,-7,0,8,14,19,22,26,30,31,34,37,38,37,39,42,44,40,35,33,30,31,30,26,21,17,20,12,4,-2,-11,-12,-18,-22,-18,-25,-26,-24,-25,-27,-31,-35,-32,-29,-26,-19,-11,-8,-1,2,4,8,11,13,17,24,26,28,31,32,36,35,36,39,35,32,32,32,30,24,22,21,14,10,5,4,-2,-9,-14,-16,-21,-21,-22,-26,-29,-25,-26,-28,-29,-31,-28,-19,-15,-12,-8,-6,-3,4,7,15,19,18,18,20,23,24,26,32,33,30,30,27,25,24,25,24,21,16,12,13,12,6,3,-1,-3,-5,-8,-9,-10,-16,-18,-19,-17,-15,-10,-14,-16,-14,-15,-14,-12,-9,-4,1,1,1,5,5,10,12,15,17,21,22,28,27,25,26,28,32,26,23,14,14,17,15,11,7,4,3,-4,-6,-5,-8,-8,-14,-17,-12,-12,-17,-16,-16,-13,-11,-10,-10,-4,-2,-4,-5,0,6,5,10,9,11,11,16,19,24,21,21,20,20,23,25,24,23,24,24,18,15,14,10,9,8,8,6,6,3,0,-3,-4,-7,-11,-10,-14,-10,-7,-9,-10,-10,-10,-5,-6,-6,-4,2,0,5,10,8,9,11,14,15,15,18,22,19,18,23,23,20,20,19,15,16,12,15,17,16,14,11,9,4,3,1,0,-3,-8,-8,-9,-6,-10,-8,-6,-10,-11,-9,-9,-8,-11,-8,-5,-2,0,6,6,8,13,13,18,21,17,17,24,24,24,21,21,21,22,21,23,24,17,16,13,5,5,4,3,2,4,1,-2,-4,-8,-12,-8,-10,-10,-7,-9,-8,-7,-10,-8,-6,0,3,5,3,8,6,9,9,11,14,18,20,20,22,20,17,19,17,18,16,18,21,18,17,10,10,5,0,0,0,0,-4,-7,-4,-7,-8,-7,-6,-5,-4,-4,-7,-7,-3,-6,-1,-2,-1,2,2,4,5,7,11,13,16,14,18,14,16,17,16,21,24,21,18,17,17,18,17,19,21,17,12,11,10,5,0,-4,-5,-4,-6,-5,-10,-7,-5,-4,-9,-10,-13,-11,-7,-6,-8,-7,-10,-11,-7,-1,3,8,5,6,9,9,14,15,19,13,15,17,18,22,22,22,22,20,14,15,13,11,10,8,5,3,9,3,4,3,2,-2,-8,-10,-11,-9,-9,-8,-10,-9,-9,-10,-7,-5,-1,-2,-1,2,10,12,14,16,18,17,18,21,21,22,23,20,23,25,22,19,17,19,21,16,17,13,7,7,7,7,6,0,-4,-2,-4,-2,-4,-8,-6,-8,-9,-10,-6,-6,-7,-2,-1,-4,-2,-4,-6,1,8,11,11,15,13,15,20,20,16,14,13,13,18,20,21,18,16,16,14,13,9,6,4,6,4,5,9,7,3,2,0,1,2,-5,-5,-6,-5,-5,-4,-8,-4,-3,-3,-4,-2,-2,4,1,0,4,9,11,10,17,17,21,22,19,19,24,22,21,18,18,20,20,19,22,23,21,16,14,10,10,5,5,6,1,-5,-6,-5,-1,-5,-7,-5,-3,-6,-5,-3,-2,-4,-5,-3,-2,-4,-2,1,2,2,6,8,11,16,18,17,18,21,23,23,24,23,19,19,24,24,22,21,15,13,10,10,5,4,4,3,5,3,2,0,0,-2,-3,-1,-7,-4,-7,-5,-2,-1,-1,3,5,4,3,1,2,6,7,10,12,14,12,13,19,19,17,16,17,17,21,24,24,24,22,24,22,20,15,14,13,11,12,5,6,5,2,0,1,1,-2,-4,-4,-4,-3,-3,1,-2,-2,-5,-6,-5,0,1,2,7,4,5,10,11,11,13,14,13,17,20,19,15,14,18,19,20,20,22,20,16,13,12,15,15,16,12,10,12,13,12,13,8,4,-3,2,0,1,-1,-8,-3,-1,-3,-2,-3,1,2,4,7,10,9,10,9,9,11,13,14,17,15,13,17,23,22,21,21,19,18,18,15,13,9,12,15,13,8,10,12,11,10,3,0,3,3,0,-3,-8,-5,-1,-3,-8,-8,-7,-5,-3,0,1,1,3,2,4,8,10,13,13,15,18,20,22,24,23,22,20,20,23,19,15,15,16,15,19,25,20,17,13,8,8,8,6,7,4,-1,-3,-5,-4,-5,-3,-3,-6,-7,-7,-5,-5,-1,2,0,0,1,3,5,5,6,6,11,15,13,16,17,16,17,18,18,20,17,17,16,16,14,14,17,20,15,13,10,10,11,10,7,0,0,-3,-4,-5,-2,-1,-4,-7,-7,-7,-4,-6,-7,-6,-3,-2,-3,3,8,8,6,5,6,12,10,6,8,13,15,17,20,17,21,24,20,20,19,16,17,18,19,15,14,12,12,12,12,13,10,6,7,4,2,-4,-8,-9,-10,-7,-8,-8,-6,-2,0,1,2,2,4,1,2,7,7,10,6,8,13,15,13,13,14,16,20,18,16,13,12,12,9,15,20,19,12,13,9,7,9,6,2,4,4,1,0,1,0,3,0,-5,-2,-3,-4,-4,-5,-2,2,-6,-3,1,5,0,3,6,8,10,6,10,12,13,14,17,13,14,17,15,17,19,19,19,19,18,13,11,15,14,14,14,12,12,14,6,7,7,7,5,0,2,-5,-6,-8,-6,0,1,-3,-6,-5,-4,-4,-1,0,2,4,4,7,8,5,6,6,6,9,13,18,17,14,17,17,18,18,16,14,14,17,17,10,7,7,4,4,6,4,4,1,2,7,5,1,3,3,2,0,-4,-4,-4,-5,-6,-7,-9,-5,-4,-4,-5,-3,-1,4,9,13,17,19,13,16,22,22,24,21,18,18,19,20,21,19,19,16,16,16,14,13,11,9,8,5,5,0,-5,-7,-5,-5,-4,-11,-9,-10,-9,-8,-2,-1,-3,-4,-9,-8,-6,-5,-1,3,8,11,12,12,13,19,20,22,18,11,9,12,16,20,20,18,20,20,17,18,20,15,11,10,9,8,1,-1,1,2,-2,-2,-7,-8,-11,-10,-7,-6,-6,-2,-2,-5,-6,-8,-9,-5,-1,3,2,4,5,11,14,18,23,23,23,25,20,18,21,23,22,21,24,21,22,17,19,19,16,17,13,7,5,2,2,4,0,1,-2,-4,-7,-5,-5,-6,-3,-4,-7,-10,-8,-10,-7,-2,-2,1,4,0,4,6,4,4,7,6,10,15,15,17,22,18,24,23,21,25,21,26,27,22,21,25,18,10,8,9,8,5,3,-1,1,-3,-3,-4,-5,-7,-7,-6,-7,-8,-9,-9,-6,-6,-2,1,-5,-5,-1,3,9,12,12,13,15,15,16,19,20,19,19,19,19,20,21,23,27,26,24,17,15,17,14,10,7,-2,-1,-3,-5,-7,-5,-4,1,2,-3,-5,-5,-10,-12,-10,-11,-11,-8,-9,-7,-4,-4,4,6,8,11,12,11,10,10,13,15,17,19,18,16,20,22,22,25,21,19,19,14,17,16,15,9,6,4,4,7,9,2,3,3,1,2,0,-7,-6,-3,-3,-2,-6,-9,-6,-2,-4,-3,-7,-3,3,8,8,10,12,15,17,21,22,24,20,21,22,23,25,25,23,27,26,18,15,16,12,12,10,7,10,7,8,4,5,3,-1,-6,-11,-10,-8,-9,-11,-13,-14,-13,-10,-8,-3,0,0,0,2,5,9,12,12,14,14,16,19,19,23,24,26,27,27,23,20,17,17,21,21,16,16,12,15,13,15,11,10,10,4,4,0,-4,-4,-2,-3,-4,-11,-8,-4,-4,-7,-4,-2,-1,4,7,7,7,10,12,10,9,11,11,10,13,17,15,18,25,23,26,28,24,21,17,17,19,15,14,15,13,7,4,4,6,6,3,1,-2,-3,-7,-6,-7,-8,-5,-1,-8,-8,-10,-10,-6,1,3,6,6,6,9,10,12,14,12,16,16,20,24,26,25,23,21,17,20,19,22,20,21,19,18,18,18,18,16,12,4,4,-2,-5,-4,-3,-3,-4,-5,-5,-3,0,-1,-2,-7,-3,-3,-3,-2,-1,2,4,2,4,5,9,13,17,21,20,20,19,18,20,18,18,25,21,24,19,21,21,19,17,16,15,13,12,9,3,1,-1,-4,-4,-8,-9,-8,-5,-7,-7,-7,-7,-8,-10,-9,-4,1,4,7,8,8,7,6,10,13,15,16,19,20,23,24,23,23,25,25,27,24,19,20,22,24,24,19,13,15,15,16,16,14,6,4,0,-2,-3,-10,-7,-5,-5,-2,0,-4,-2,-2,-3,-2,-5,-1,1,0,3,7,13,14,16,19,16,18,21,22,20,18,14,15,17,17,19,19,20,17,19,14,10,9,6,5,0,-1,-6,-4,0,3,2,0,0,-4,-5,-5,-6,0,0,-4,-6,-8,-4,-5,-3,-1,4,7,9,10,9,8,13,19,19,21,18,16,20,19,20,20,23,21,19,16,16,13,10,6,3,4,3,3,0,-4,-1,0,-3,0,0,-6,-9,-9,-10,-7,-4,-3,-2,-6,-6,-2,-7,0,3,2,6,7,5,9,10,7,9,9,7,10,15,15,18,18,13,11,12,10,8,7,4,2,1,1,-1,-2,-2,-2,0,-2,-6,-10,-10,-12,-13,-12,-8,-5,-5,-8,-10,-7,-2,-3,-3,0,3,3,4,3,9,11,10,11,12,9,12,12,12,15,12,12,10,12,10,8,6,7,5,7,4,1,5,5,4,5,3,-3,-7,-4,-8,-5,-5,-4,-4,-5,-5,-9,-9,-8,-7,-2,0,2,2,3,3,4,6,9,13,12,12,13,14,7,10,12,10,9,11,8,7,8,11,14,11,7,5,1,-1,2,-4,-5,-5,-8,-9,-8,-10,-6,-2,-2,-3,-6,-6,-3,-2,-1,-1,-2,-5,-5,-6,-5,-1,3,4,6,12,12,10,8,3,9,11,10,14,11,6,7,7,6,6,8,7,10,2,1,1,0,-2,-2,-9,-7,-6,-6,-2,4,0,-2,-4,-7,-6,-6,-11,-10,-8,-9,-6,-3,-1,3,5,6,6,9,7,3,5,3,4,5,6,6,4,4,2,2,-1,-1,3,0,0,0,-2,-1,-3,-3,-6,-12,-14,-14,-11,-11,-8,-9,-9,-8,-9,-10,-6,-2,-4,-5,-6,-5,-3,-3,1,1,3,7,6,1,4,7,10,12,8,5,3,4,7,6,5,8,7,7,1,-4,-1,-3,-1,-2,-7,-10,-13,-9,-7,-7,-11,-12,-11,-8,-11,-13,-12,-11,-14,-7,-9,-9,-6,-3,-3,-4,-5,-6,-5,-5,-4,-3,0,4,6,9,6,5,7,10,12,7,4,5,1,1,3,0,-6,-5,-7,-6,-5,-10,-11,-10,-6,-8,-9,-16,-10,-8,-10,-10,-11,-10,-9,-5,-4,-4,-4,-5,2,-2,-1,2,0,0,1,7,5,7,8,5,4,4,4,5,7,2,1,3,3,-2,-6,-7,-7,-6,-6,-7,-9,-9,-12,-12,-14,-17,-22,-25,-23,-19,-15,-18,-17,-12,-11,-9,-7,-7,-3,-3,-2,1,1,2,-2,0,8,8,8,4,3,3,5,1,1,0,-2,-5,-2,-4,1,2,4,2,-5,-6,-9,-7,-7,-6,-10,-11,-9,-13,-13,-12,-16,-17,-16,-18,-12,-13,-10,-4,-4,-7,-9,-10,-9,-4,-2,-4,0,7,5,6,10,6,5,4,4,6,6,-2,2,4,6,6,8,1,-3,-4,-2,-3,-6,-7,-11,-13,-8,-9,-13,-17,-20,-20,-16,-16,-14,-11,-12,-13,-9,-11,-13,-12,-2,-1,-2,3,4,4,4,2,1,4,7,6,13,14,11,3,5,7,7,8,8,5,4,3,0,2,2,-3,-4,-6,-4,-4,-5,-10,-12,-12,-16,-14,-19,-21,-15,-14,-16,-9,-9,-10,-9,-5,-1,1,1,-4,-3,-3,-3,-3,1,5,4,10,16,17,13,14,11,5,3,3,5,3,1,0,-2,-3,-5,-6,-6,-8,-9,-14,-18,-17,-15,-14,-12,-14,-12,-11,-11,-17,-18,-15,-18,-16,-11,-12,-6,-4,-3,-3,-2,-2,-2,-1,2,5,7,11,10,8,7,5,11,11,10,10,10,10,7,6,8,8,5,1,-3,-3,-4,-4,-5,-9,-11,-13,-16,-21,-23,-21,-20,-17,-15,-14,-14,-12,-12,-8,-5,-3,-3,-3,-4,-3,-1,2,7,8,7,9,11,14,12,11,11,12,11,6,7,12,13,12,6,3,0,-2,-4,-6,-11,-12,-13,-13,-13,-9,-11,-14,-13,-12,-12,-13,-16,-15,-11,-11,-10,-9,-8,-6,-5,-1,0,3,4,4,6,9,8,11,8,4,7,11,13,15,12,12,12,10,7,5,5,7,4,1,-1,-4,-4,-2,-2,-3,-9,-10,-10,-13,-16,-18,-14,-14,-17,-16,-13,-9,-14,-15,-16,-17,-14,-7,-5,-5,-4,-1,-2,1,-1,5,9,8,7,7,4,2,5,9,11,10,9,13,6,2,1,1,0,1,1,0,0,-5,-7,-12,-15,-14,-15,-11,-15,-16,-16,-18,-11,-15,-14,-13,-7,-6,-7,-7,-5,0,-1,0,0,0,7,8,6,2,-1,4,9,14,14,17,17,14,16,15,14,10,7,2,-1,-2,-3,0,1,-5,-13,-12,-9,-9,-10,-14,-13,-14,-12,-11,-11,-10,-9,-12,-15,-10,-9,-7,-6,-9,-5,-1,-4,1,4,2,3,3,4,6,8,11,11,14,11,14,15,9,8,9,5,3,0,-1,2,2,-2,-4,-7,-5,-8,-10,-9,-10,-11,-13,-14,-16,-17,-15,-10,-11,-12,-11,-8,-5,-1,3,7,2,-1,-3,1,7,9,4,6,9,12,13,9,8,11,12,11,12,9,7,2,6,4,5,2,-4,-4,-4,-6,-8,-9,-7,-8,-7,-6,-8,-15,-13,-14,-12,-16,-13,-9,-9,-7,-6,-6,-2,-5,-2,-3,-5,0,2,3,3,4,6,6,1,0,7,13,13,10,12,11,8,10,9,6,6,10,11,5,6,9,0,-7,-2,-6,-9,-7,-7,-8,-10,-10,-7,-8,-9,-11,-10,-9,-8,-5,-10,-8,-4,0,3,5,0,0,8,5,6,11,11,11,11,9,12,9,6,10,9,7,6,6,6,8,7,1,-2,-4,-1,-1,-4,-4,-5,-11,-15,-10,-10,-12,-13,-12,-11,-9,-7,-12,-8,-8,-6,-5,-7,-4,-4,-5,0,1,0,1,4,3,9,9,12,8,6,5,6,13,11,12,9,9,3,3,3,3,2,0,0,-1,-6,-9,-13,-7,-3,-6,-5,-7,-10,-8,-9,-6,-5,-7,-10,-15,-12,-5,-3,-5,-5,-2,1,-2,0,0,0,3,5,2,6,5,2,1,5,5,7,10,7,5,7,4,5,2,3,-2,-5,-5,-5,-6,-4,-4,-8,-8,-10,-12,-11,-13,-12,-9,-12,-12,-8,-5,-5,-1,-2,-4,-3,-1,-1,-2,-3,-2,-1,-4,-3,0,-1,-1,3,5,11,13,10,7,7,8,9,8,7,3,3,0,3,3,-4,-3,-6,-7,-2,-1,-4,-2,-4,-6,-7,-11,-10,-9,-8,-8,-5,-5,-5,-8,-10,-7,-4,-6,0,3,6,3,4,9,6,5,7,8,5,1,4,2,5,9,8,5,0,2,1,3,5,7,4,-2,-2,-1,0,2,5,-1,-8,-7,-9,-13,-13,-9,-6,-5,-7,-6,-5,-7,-8,-8,-2,-2,-3,1,-1,-1,-2,-7,-3,1,4,9,10,9,8,7,10,10,10,11,12,9,6,4,0,2,-1,-2,-4,-1,-1,0,3,3,2,-3,-5,-4,-7,-8,-4,-4,-7,-8,-9,-12,-8,-9,-10,-9,-8,-6,3,3,3,3,1,-1,0,5,7,9,10,8,6,1,1,-2,3,5,4,3,4,8,8,8,10,0,-4,-4,-2,0,-1,0,-4,-7,-3,-3,-4,-7,-5,-2,0,-1,-6,-10,-9,-4,-2,0,1,4,5,7,9,11,8,6,8,5,1,3,3,4,3,4,4,4,3,2,6,4,1,3,0,4,6,8,9,7,3,-1,-1,-2,-3,-3,-5,-6,-8,-9,-4,-4,-4,-4,-6,-5,-3,-5,-10,-7,-7,1,2,-1,-1,1,-1,2,4,3,6,8,9,9,13,10,7,5,2,0,-2,2,6,6,2,1,1,-2,-1,3,4,6,3,-4,-8,-5,-1,-1,0,-6,-6,-6,-5,0,1,0,-3,0,0,-1,-1,2,5,4,4,8,5,5,6,6,5,7,5,2,3,2,0,1,0,-2,3,0,2,-1,-2,-1,7,3,-1,-4,-3,-4,-2,-3,-3,-3,-4,-8,-7,-7,-8,-11,-11,-9,-10,-3,-2,-4,-5,-6,-2,-1,2,1,-1,-1,0,1,4,0,-1,5,4,6,7,5,9,11,9,8,5,2,2,2,2,5,2,-1,0,2,1,-4,-4,-5,-6,-1,1,1,3,1,1,3,0,-3,-5,-9,-11,-5,-6,-1,-4,0,4,3,5,2,-1,1,1,-1,1,6,7,8,9,7,4,4,6,10,5,5,4,0,1,-2,3,6,3,-3,-6,-6,-6,-7,-4,-7,-9,-10,-6,-1,-4,-8,-10,-7,-7,-6,-2,-3,-1,-4,-2,0,2,1,-1,-4,-2,-1,2,5,7,2,2,5,6,8,2,4,3,6,7,4,6,2,2,3,4,0,0,0,3,1,-1,0,-5,-10,-9,-4,-8,-5,-3,-2,-4,0,-4,-5,-1,-4,-4,2,0,0,-2,2,7,5,2,3,3,0,3,3,7,8,9,1,4,5,2,1,5,4,2,3,1,-2,-4,-8,-4,1,3,-7,-4,-4,-4,-6,-5,-2,1,4,-2,-5,-1,-3,-2,-1,-4,-4,-3,-1,0,-1,2,5,8,8,5,5,3,2,1,3,6,10,7,1,5,4,1,4,6,3,2,-2,-5,-8,-6,-1,-2,2,5,0,-2,-2,-1,3,4,-2,-3,-4,-2,-1,-1,2,-3,0,-3,-3,-3,1,1,4,5,3,-1,1,0,3,8,6,9,5,0,-1,0,0,1,-1,0,3,4,3,4,4,6,6,1,0,4,1,0,2,5,4,-1,-2,4,4,4,-1,-4,-2,0,0,-3,0,1,-1,-3,0,3,3,2,3,-1,4,7,2,2,0,1,1,4,3,4,-2,0,3,7,4,0,-2,-1,-3,-1,2,2,2,4,4,0,-4,-9,-8,-3,0,-2,-3,-6,-3,-3,-3,-2,-2,-1,2,2,0,0,-2,-6,-3,-2,-2,5,1,3,3,4,2,5,4,1,0,-1,-2,-2,-1,3,3,1,0,0,-1,-1,-4,-9,-8,-6,-5,-2,1,2,0,1,-1,3,3,-1,-6,-8,-5,-4,-2,-5,1,3,4,2,4,5,4,1,1,5,6,4,5,5,0,3,-1,-3,1,1,0,-5,-2,-1,0,-3,1,4,2,2,1,1,-2,-4,-9,-3,-2,-3,4,5,0,-3,1,1,1,0,-2,-3,-7,-4,1,4,2,3,-1,-5,-1,-3,-3,-1,-9,-7,-1,4,5,7,3,1,4,7,7,7,5,2,4,2,-1,-1,-9,-5,-5,-7,-3,-2,-5,-3,-2,-1,-3,-2,0,5,0,-4,0,2,0,1,5,9,7,5,10,9,10,11,13,11,10,7,0,-2,-2,-4,-2,-4,-3,-5,-5,-9,-9,-7,-2,-3,-4,-4,-4,-7,-3,-2,0,0,-1,-6,0,3,4,2,3,3,2,2,-1,0,-2,-1,0,2,-1,0,3,4,5,7,4,2,2,1,0,3,2,4,-1,-5,-7,-4,-9,-6,-2,-5,-1,-4,-7,-2,-3,-6,-5,-6,-2,2,2,3,4,1,3,4,5,8,10,9,11,9,4,3,6,4,2,3,5,4,3,0,-1,-1,0,1,-2,-5,-3,-4,-2,-2,-4,-7,-7,-5,-9,-5,-3,-5,0,0,5,5,1,-1,-5,-3,-2,1,1,-5,-2,-1,2,2,2,4,7,10,11,11,12,13,9,6,1,2,-1,-2,3,0,4,8,2,-1,-1,-2,-2,-4,-2,-5,-6,-7,-5,-6,-8,-6,-5,-5,-3,-2,-1,1,3,-2,1,6,7,10,7,6,7,3,3,4,2,6,8,7,6,6,7,6,4,5,4,4,3,0,-1,-2,-1,-1,-3,-5,-13,-14,-10,-4,-5,-7,-12,-12,-9,-9,-3,-4,-4,-5,-8,-6,-3,-3,-3,-1,2,0,2,6,9,12,11,10,9,10,7,8,7,8,6,10,7,3,3,2,-1,3,0,0,-4,-5,-7,-12,-10,-13,-14,-14,-12,-7,-8,-7,-9,-6,-2,-7,-8,-7,-5,-7,-5,-4,-2,4,7,7,10,10,14,11,8,10,11,7,5,10,11,12,14,13,9,9,3,6,4,2,-2,-1,-7,-8,-11,-9,-7,-14,-15,-16,-16,-13,-11,-12,-11,-13,-16,-16,-12,-9,-8,-2,1,5,4,2,3,2,3,5,4,5,8,11,15,11,13,13,14,13,12,12,13,10,9,7,4,5,1,-1,-4,-2,-2,-4,-7,-8,-8,-11,-14,-15,-16,-17,-17,-16,-12,-12,-9,-7,-7,-5,-7,-6,1,5,3,8,10,9,9,7,9,8,7,11,7,7,9,10,12,16,15,16,10,5,0,4,0,4,3,-2,-3,-3,-9,-12,-10,-9,-10,-13,-16,-14,-12,-13,-16,-15,-16,-11,-11,-7,-7,-5,-3,-5,-7,-6,-1,8,12,12,8,10,12,10,12,22,16,15,16,15,21,17,9,6,8,6,4,3,-1,-3,-2,-6,-7,-11,-15,-14,-14,-14,-11,-15,-20,-19,-18,-17,-11,-7,-9,-9,-9,-8,-7,-4,-2,2,4,2,7,10,15,11,12,12,7,10,14,19,18,12,11,7,8,8,6,6,2,-4,-3,-4,-7,-5,-5,-9,-8,-10,-13,-13,-14,-12,-11,-15,-18,-18,-17,-15,-14,-13,-10,-9,-10,-7,-4,-5,-2,7,9,9,10,10,13,12,16,19,18,16,15,12,10,13,13,10,12,7,4,4,9,6,2,-2,-8,-10,-9,-10,-13,-17,-19,-21,-22,-18,-16,-14,-14,-11,-9,-10,-10,-8,-4,-1,-5,-5,0,2,4,3,8,12,8,8,14,18,16,21,18,15,11,7,4,8,8,8,3,2,-2,3,1,-4,-8,-14,-13,-10,-15,-15,-14,-12,-16,-19,-24,-19,-18,-21,-14,-8,-12,-10,-7,-6,0,5,5,2,2,0,4,9,9,11,10,12,14,15,11,9,12,11,14,11,10,9,10,7,9,4,-1,-1,-2,-6,-4,-7,-8,-5,-5,-7,-11,-19,-19,-18,-20,-18,-13,-16,-16,-11,-7,-4,-4,-6,2,-3,-2,5,6,4,5,7,8,7,10,10,14,16,13,12,8,7,7,7,9,6,4,8,8,-1,-4,-5,-5,-5,-2,-2,-8,-12,-18,-15,-16,-16,-12,-8,-14,-14,-17,-15,-7,-6,-8,-9,-9,-4,1,2,-3,5,7,16,19,18,18,17,18,12,14,16,15,11,7,4,2,5,6,3,3,2,1,-3,-6,-7,-11,-16,-12,-16,-14,-9,-9,-10,-13,-20,-21,-20,-16,-13,-8,-7,-9,-9,-5,-2,0,0,3,1,5,7,10,8,9,10,5,9,10,11,13,14,10,13,7,5,3,8,6,1,-5,-5,-1,-2,-3,-2,-8,-12,-13,-13,-14,-14,-15,-13,-11,-12,-11,-10,-8,-6,-6,-4,-3,-2,1,3,5,2,1,2,1,3,3,1,7,13,16,13,14,14,12,5,0,0,0,0,2,-2,-3,-2,-2,-4,-5,-9,-10,-9,-8,-10,-11,-14,-9,-6,-10,-16,-16,-14,-15,-13,-13,-9,-7,-6,-8,-2,-1,4,3,1,-2,-2,-4,-2,1,2,1,2,7,7,1,1,3,4,3,0,-4,-1,-3,-9,-13,-7,-7,-10,-12,-14,-16,-13,-10,-8,-8,-10,-10,-10,-15,-19,-19,-13,-11,-9,-8,-5,-7,-9,-5,-6,-4,-4,0,0,2,2,-2,-2,0,0,2,1,3,3,0,0,-1,-4,-6,-6,-8,-10,-8,-9,-5,-8,-12,-15,-15,-12,-4,-7,-14,-15,-15,-18,-19,-18,-20,-16,-14,-15,-16,-13,-7,-3,-2,-3,-4,-5,-7,-7,-9,-7,-6,-1,3,0,-1,1,-3,-4,-1,-2,0,1,-2,-4,0,1,-5,-7,-10,-15,-16,-12,-16,-15,-16,-17,-17,-15,-13,-10,-8,-10,-10,-10,-9,-11,-13,-11,-10,-12,-11,-11,-5,-3,-4,-4,-3,0,-1,1,0,0,-1,-2,-3,1,-2,-3,-9,-14,-16,-11,-9,-11,-9,-8,-11,-12,-10,-14,-15,-15,-20,-19,-18,-16,-13,-15,-17,-17,-14,-13,-11,-9,-10,-10,-10,-8,-6,-7,-4,-5,-5,-7,-4,-4,-8,-7,-9,-7,-7,-10,-8,-6,-9,-3,-2,-7,-3,-6,-9,-11,-12,-13,-15,-11,-10,-9,-6,-10,-10,-12,-15,-15,-14,-10,-14,-16,-17,-17,-17,-17,-20,-19,-19,-12,-11,-9,-12,-20,-17,-13,-8,-8,-9,-13,-8,-7,0,-3,-9,-17,-14,-14,-12,-11,-12,-12,-16,-17,-16,-13,-13,-16,-16,-17,-20,-17,-13,-17,-16,-17,-17,-15,-17,-20,-18,-16,-15,-14,-18,-17,-14,-12,-13,-17,-18,-16,-14,-12,-11,-9,-13,-11,-11,-15,-12,-11,-15,-12,-10,-10,-8,-12,-16,-14,-9,-10,-12,-12,-13,-16,-12,-12,-12,-13,-13,-13,-13,-19,-17,-15,-16,-14,-15,-16,-16,-19,-18,-21,-18,-22,-18,-19,-16,-15,-16,-12,-13,-17,-16,-16,-16,-18,-22,-23,-20,-14,-15,-15,-15,-17,-14,-18,-16,-15,-10,-12,-12,-10,-11,-11,-16,-19,-19,-21,-21,-19,-17,-18,-19,-20,-20,-19,-18,-15,-13,-8,-10,-15,-18,-16,-15,-15,-13,-12,-16,-15,-11,-12,-13,-13,-16,-16,-17,-20,-17,-16,-17,-13,-12,-15,-19,-20,-22,-16,-15,-14,-11,-13,-15,-19,-19,-21,-18,-19,-20,-23,-20,-21,-18,-12,-14,-14,-19,-20,-19,-19,-15,-17,-21,-15,-11,-14,-13,-14,-13,-12,-19,-21,-19,-17,-17,-16,-21,-26,-26,-21,-21,-19,-18,-18,-22,-23,-21,-22,-21,-21,-18,-15,-16,-17,-14,-14,-11,-11,-13,-14,-14,-17,-18,-17,-17,-17,-14,-15,-14,-18,-19,-20,-18,-17,-13,-13,-14,-15,-19,-16,-16,-18,-17,-14,-18,-19,-17,-18,-21,-24,-21,-19,-18,-18,-15,-14,-15,-19,-17,-23,-23,-22,-24,-24,-22,-20,-20,-23,-22,-19,-22,-24,-21,-22,-17,-19,-20,-18,-17,-17,-14,-14,-19,-18,-15,-17,-21,-22,-19,-18,-21,-23,-17,-14,-17,-16,-14,-17,-18,-19,-22,-18,-20,-18,-20,-19,-19,-17,-19,-21,-19,-17,-15,-16,-17,-21,-24,-21,-22,-19,-19,-19,-14,-13,-12,-15,-16,-16,-21,-19,-16,-15,-13,-14,-15,-17,-15,-16,-18,-19,-18,-17,-15,-16,-19,-20,-23,-23,-24,-24,-23,-22,-27,-29,-26,-21,-19,-25,-25,-31,-28,-29,-29,-26,-22,-21,-22,-26,-23,-17,-15,-16,-16,-14,-16,-15,-17,-15,-9,-13,-12,-14,-12,-14,-15,-18,-17,-18,-18,-17,-19,-24,-24,-23,-26,-26,-22,-22,-24,-23,-23,-21,-22,-22,-25,-28,-24,-27,-28,-24,-22,-21,-22,-21,-24,-22,-20,-24,-24,-21,-20,-15,-18,-17,-15,-14,-15,-15,-17,-19,-17,-14,-16,-19,-15,-13,-12,-15,-20,-22,-25,-25,-21,-20,-18,-20,-23,-26,-26,-29,-27,-27,-27,-25,-25,-26,-28,-28,-28,-27,-29,-28,-24,-20,-19,-15,-14,-10,-13,-10,-13,-14,-11,-13,-12,-10,-12,-10,-13,-13,-12,-7,-7,-5,-7,-14,-18,-18,-20,-20,-18,-21,-20,-20,-19,-18,-21,-20,-21,-23,-24,-24,-23,-24,-23,-25,-24,-23,-25,-24,-19,-22,-23,-21,-19,-16,-12,-15,-13,-12,-13,-12,-16,-14,-9,-9,-11,-10,-7,-7,-10,-9,-13,-14,-13,-10,-14,-15,-17,-18,-17,-24,-22,-22,-26,-29,-27,-23,-22,-27,-28,-28,-28,-23,-23,-27,-21,-20,-17,-20,-17,-18,-18,-17,-13,-11,-14,-11,-7,-5,-5,-5,-5,-2,-3,-3,-1,-2,-5,-9,-12,-12,-14,-14,-14,-14,-19,-21,-20,-20,-21,-22,-22,-26,-30,-28,-33,-30,-26,-30,-29,-27,-31,-31,-29,-25,-24,-18,-16,-14,-9,-9,-10,-9,-11,-14,-13,-13,-7,-10,-9,-5,-3,-2,1,-1,-5,-9,-8,-6,-6,-8,-14,-17,-17,-19,-19,-19,-22,-21,-23,-22,-26,-28,-30,-27,-28,-23,-26,-30,-28,-27,-26,-22,-19,-20,-17,-15,-15,-8,-9,-9,-8,-7,-3,-2,-4,0,-4,-1,-3,-4,-4,-4,-5,-7,-6,-3,-6,-10,-13,-13,-14,-14,-19,-23,-22,-28,-26,-23,-24,-24,-26,-29,-31,-36,-38,-33,-29,-26,-25,-23,-23,-20,-19,-17,-18,-18,-16,-11,-6,-7,-4,-7,-7,-1,3,2,3,-2,1,1,2,-3,-4,-11,-11,-9,-12,-14,-10,-13,-12,-13,-14,-16,-19,-21,-25,-26,-30,-26,-31,-33,-30,-24,-27,-22,-23,-30,-29,-27,-20,-17,-15,-12,-11,-11,-11,-10,-7,-3,0,2,0,3,2,-3,-2,0,1,1,-4,-4,-6,-8,-14,-11,-7,-11,-13,-18,-24,-26,-31,-27,-23,-21,-21,-25,-32,-35,-35,-31,-26,-26,-30,-26,-26,-19,-17,-17,-17,-17,-14,-12,-14,-16,-11,-12,-5,-5,0,5,0,-1,0,1,2,-1,-3,-4,-4,-6,-5,-5,-3,-6,-12,-14,-18,-21,-21,-21,-23,-22,-25,-24,-26,-26,-26,-22,-24,-26,-29,-28,-27,-22,-23,-23,-19,-19,-18,-16,-12,-9,-9,-9,-6,1,3,1,-1,-5,-4,2,2,1,-2,-4,-2,-4,-13,-13,-12,-16,-16,-15,-17,-16,-20,-17,-16,-21,-24,-27,-24,-27,-26,-29,-34,-32,-28,-25,-20,-18,-21,-20,-21,-16,-10,-14,-13,-10,-8,-10,-5,-3,-4,-3,-2,-2,4,5,3,4,5,4,3,-2,-4,-9,-7,-11,-8,-12,-16,-14,-17,-20,-18,-22,-23,-19,-21,-22,-27,-30,-27,-24,-21,-21,-25,-25,-22,-21,-22,-17,-16,-16,-16,-13,-10,-8,-12,-8,-7,-5,0,-1,-4,-6,-6,-7,-3,0,-2,-1,-2,-6,-6,-5,-8,-10,-13,-19,-15,-17,-22,-20,-20,-22,-22,-19,-24,-24,-21,-24,-25,-30,-29,-26,-24,-26,-21,-18,-19,-16,-16,-14,-7,-8,-5,-6,-7,-4,0,1,1,3,1,6,7,4,2,1,1,1,-2,-3,-5,-8,-12,-15,-18,-21,-22,-20,-23,-20,-20,-20,-18,-15,-16,-19,-20,-23,-25,-24,-22,-15,-12,-15,-14,-18,-15,-14,-11,-13,-12,-6,-9,-5,-7,-10,-6,-8,-4,-8,-10,-5,-7,-3,0,1,-1,-1,0,-3,-8,-7,-15,-17,-20,-26,-23,-25,-22,-21,-18,-18,-17,-18,-22,-18,-18,-19,-22,-21,-18,-18,-12,-9,-10,-13,-12,-11,-14,-8,-6,-4,-5,-2,-2,0,5,2,0,-4,-6,-4,-8,-8,-8,-7,-8,-6,-5,-11,-17,-20,-18,-13,-16,-17,-17,-15,-15,-19,-21,-23,-22,-21,-19,-23,-27,-24,-17,-13,-12,-11,-17,-14,-11,-10,-11,-10,-11,-9,-8,-7,-6,-4,-4,-6,-8,-11,-7,-4,-4,-5,-6,-11,-9,-6,-7,-8,-11,-11,-13,-15,-17,-18,-18,-19,-19,-19,-18,-16,-15,-21,-16,-20,-21,-20,-14,-17,-16,-14,-12,-11,-11,-9,-9,-14,-9,-7,-2,-1,-3,-5,-4,-1,-3,-1,1,0,-2,-2,-7,-4,-5,-10,-13,-10,-13,-17,-15,-12,-13,-10,-10,-10,-17,-17,-18,-20,-19,-19,-16,-17,-17,-18,-19,-16,-22,-17,-14,-16,-13,-13,-17,-18,-11,-9,-7,-2,-4,-4,-1,-2,1,-4,-8,-7,-6,-2,-6,-4,-4,-7,-7,-8,-4,-6,-9,-12,-10,-12,-12,-14,-15,-15,-19,-21,-20,-17,-16,-18,-19,-14,-16,-18,-14,-14,-12,-12,-9,-9,-7,-9,-10,-5,-2,-5,-5,-2,1,0,-1,-4,-1,-2,-1,-6,-6,-10,-12,-9,-14,-11,-11,-10,-12,-12,-15,-16,-18,-13,-17,-15,-16,-14,-16,-11,-12,-17,-18,-18,-20,-19,-19,-17,-14,-14,-16,-16,-16,-14,-10,-6,-11,-11,-10,-11,-11,-8,-9,-6,-6,-6,-7,-11,-7,-8,-6,-4,0,-5,-8,-7,-6,-7,-9,-12,-11,-12,-11,-12,-13,-11,-11,-13,-15,-12,-15,-17,-18,-16,-15,-11,-10,-11,-10,-11,-12,-11,-10,-9,-6,-4,-6,-5,-3,-1,-3,-4,-7,-13,-13,-9,-7,-10,-10,-9,-14,-8,-14,-12,-12,-13,-11,-13,-12,-10,-10,-11,-14,-9,-9,-11,-13,-11,-14,-12,-12,-13,-18,-20,-23,-18,-18,-14,-10,-10,-13,-16,-13,-15,-12,-14,-11,-8,-5,-4,2,1,-3,0,2,-1,-1,-4,-1,2,-4,-4,-2,-3,-6,-8,-6,-2,-7,-13,-15,-15,-15,-12,-13,-14,-15,-13,-11,-10,-13,-15,-19,-21,-18,-17,-11,-13,-11,-10,-9,-6,-2,-7,-5,-2,-8,-4,-6,-5,-5,-5,-11,-9,-10,-7,-8,-8,-6,-4,-5,-11,-7,-11,-7,-6,-7,-6,-9,-8,-10,-11,-16,-17,-12,-13,-11,-11,-16,-19,-20,-21,-19,-15,-12,-9,-8,-6,-6,-9,-9,-6,-10,-9,-9,-7,-1,1,1,-3,-4,-2,-5,0,-2,-2,0,0,-2,1,-2,-3,-1,-2,0,-3,-5,-4,-9,-10,-9,-18,-14,-15,-16,-17,-17,-16,-21,-21,-23,-23,-19,-22,-21,-21,-16,-14,-13,-11,-8,-6,-4,-2,-2,-2,2,3,0,-2,-3,1,-2,-4,-5,-2,0,-2,-7,-9,-7,-8,-6,-9,-11,-11,-7,-10,-8,-10,-10,-14,-12,-14,-13,-16,-17,-13,-16,-13,-12,-12,-9,-8,-9,-8,-10,-16,-11,-11,-9,-10,-11,-5,0,-4,3,2,1,4,5,1,0,-2,-5,-4,-2,-6,-3,-3,-6,-6,-8,-11,-8,-8,-7,-8,-13,-12,-12,-10,-9,-5,-11,-14,-16,-15,-12,-11,-14,-16,-16,-10,-14,-11,-10,-6,-8,-10,-7,-6,-8,-8,-6,-8,-4,-1,-3,-5,-2,-2,-2,-2,-3,-3,-3,-3,0,-2,-3,-4,-1,-4,-10,-10,-13,-9,-11,-8,-8,-14,-15,-15,-14,-14,-13,-11,-10,-13,-14,-15,-15,-15,-14,-12,-14,-12,-10,-11,-12,-6,-3,1,6,6,3,-1,3,5,1,-1,2,3,1,2,3,-1,3,1,-1,-4,-11,-13,-16,-14,-10,-9,-12,-10,-9,-7,-12,-14,-17,-11,-13,-16,-18,-17,-18,-16,-14,-10,-9,-8,-11,-10,-8,-7,-6,-4,-6,-5,-8,-11,-6,0,2,3,4,4,5,3,0,0,0,-1,4,0,-2,-1,0,-1,-4,-9,-13,-12,-12,-12,-9,-14,-14,-14,-14,-13,-15,-15,-10,-10,-6,-7,-7,-11,-12,-10,-12,-11,-11,-9,-6,-2,-3,-2,1,0,-1,0,-1,1,-2,-2,-3,0,1,1,3,1,4,-1,-1,-1,-7,-6,-9,-12,-14,-13,-16,-16,-14,-20,-24,-20,-21,-20,-18,-19,-22,-18,-18,-13,-11,-10,-7,-6,-8,-7,-7,-6,-2,0,-1,-1,-3,-5,1,3,0,-1,-2,0,4,2,-5,-2,1,3,3,0,0,0,-4,-5,-5,-7,-9,-15,-18,-15,-16,-17,-16,-13,-11,-13,-13,-13,-14,-15,-16,-16,-13,-12,-7,-5,-5,-4,-1,2,4,7,6,4,1,-5,-5,-1,5,7,6,4,2,-2,-3,-2,-6,0,-3,-5,-6,-5,-5,-2,-3,-5,-8,-12,-16,-16,-14,-16,-20,-15,-19,-18,-20,-19,-16,-13,-17,-12,-11,-11,-12,-11,-5,-2,1,2,3,0,3,3,4,7,7,7,4,6,6,7,6,3,-1,-1,-1,-3,-3,-5,2,-1,-10,-9,-8,-10,-15,-16,-19,-20,-18,-21,-17,-11,-13,-17,-17,-20,-18,-13,-12,-5,-5,-11,-10,-7,-11,-9,-5,-1,0,-2,-2,-5,-3,-1,2,2,0,2,3,1,5,0,2,2,0,-5,-4,-7,-5,-4,-9,-8,-8,-13,-17,-17,-13,-10,-7,-12,-16,-18,-18,-16,-17,-17,-15,-13,-11,-11,-10,-8,-6,-2,-1,2,1,-3,-2,2,6,7,7,8,13,7,5,3,2,4,3,-3,-4,-5,-4,-9,-8,-10,-8,-8,-7,-5,-10,-12,-14,-12,-11,-9,-12,-18,-18,-17,-19,-13,-11,-14,-10,-14,-11,-11,-8,-8,-5,-1,1,-1,0,2,5,5,6,4,0,-1,2,6,9,8,2,3,0,0,3,3,-4,-6,-11,-13,-11,-13,-14,-12,-11,-15,-12,-12,-16,-15,-14,-14,-13,-13,-14,-11,-10,-16,-11,-13,-13,-9,-6,-7,-3,-5,-3,-1,0,1,3,5,5,6,9,11,13,9,11,10,6,6,2,-5,-2,-2,-6,-3,-7,-12,-10,-13,-14,-15,-13,-20,-20,-14,-17,-17,-14,-13,-15,-16,-14,-15,-14,-14,-13,-9,-7,-8,-4,0,3,5,2,-1,-2,-5,-2,3,3,3,-3,2,3,-1,1,3,0,2,7,3,-2,-7,-11,-10,-9,-10,-9,-12,-13,-14,-12,-9,-8,-9,-13,-15,-20,-20,-16,-13,-10,-6,-5,-2,-2,-4,-7,-6,-4,-3,1,2,3,3,7,6,6,4,7,3,2,-1,1,1,5,5,5,1,-4,-3,-5,-6,-7,-9,-8,-15,-18,-18,-17,-18,-19,-22,-24,-20,-24,-24,-25,-25,-21,-13,-11,-11,-14,-11,-11,-8,-7,-4,0,2,2,0,0,-1,-4,-2,-1,0,1,0,4,4,2,3,3,-1,-7,-11,-10,-8,-9,-11,-13,-14,-17,-21,-22,-26,-25,-24,-23,-19,-17,-15,-20,-19,-20,-18,-18,-21,-20,-17,-12,-8,-4,-3,-5,-4,-4,-5,0,4,5,5,2,1,-3,-2,